9.867780468750000000e+04
8.473789843750000000e+04
9.345726562500000000e+04
1.073674062500000000e+05
1.225579296875000000e+05
1.360187343750000000e+05
1.460488281250000000e+05
1.523132656250000000e+05
1.554784687500000000e+05
1.565583750000000000e+05
1.565770000000000000e+05
1.563727656250000000e+05
1.565424218750000000e+05
1.573641562500000000e+05
1.588849062500000000e+05
1.609610625000000000e+05
1.634237968750000000e+05
1.660990312500000000e+05
1.688792343750000000e+05
1.716309687500000000e+05
1.742222812500000000e+05
1.765575468750000000e+05
1.785956093750000000e+05
1.803343437500000000e+05
1.817996250000000000e+05
1.830520000000000000e+05
1.841747656250000000e+05
1.852326562500000000e+05
1.862837968750000000e+05
1.873661406250000000e+05
1.884769218750000000e+05
1.895730937500000000e+05
1.906242031250000000e+05
1.915956250000000000e+05
1.924563593750000000e+05
1.931974218750000000e+05
1.938416093750000000e+05
1.944437031250000000e+05
1.950772812500000000e+05
1.958076093750000000e+05
1.966636875000000000e+05
1.976490781250000000e+05
1.987183906250000000e+05
1.998011406250000000e+05
2.008299375000000000e+05
2.017424375000000000e+05
2.025049375000000000e+05
2.031242968750000000e+05
2.036417656250000000e+05
2.041064687500000000e+05
2.045594062500000000e+05
2.050348593750000000e+05
2.055339531250000000e+05
2.060483281250000000e+05
2.065521562500000000e+05
2.070288906250000000e+05
2.074750625000000000e+05
2.079072812500000000e+05
2.083474218750000000e+05
2.088116718750000000e+05
2.093004218750000000e+05
2.097983593750000000e+05
2.102916562500000000e+05
2.107575937500000000e+05
2.111815937500000000e+05
2.115661562500000000e+05
2.119246718750000000e+05
2.122660937500000000e+05
2.126070000000000000e+05
2.129510156250000000e+05
2.133024218750000000e+05
2.136503593750000000e+05
2.139946562500000000e+05
2.143327656250000000e+05
2.146753281250000000e+05
2.150303593750000000e+05
2.153960625000000000e+05
2.157665312500000000e+05
2.161284375000000000e+05
2.164661718750000000e+05
2.167765312500000000e+05
2.170610937500000000e+05
2.173338750000000000e+05
2.176159375000000000e+05
2.179119062500000000e+05
2.182270625000000000e+05
2.185495937500000000e+05
2.188672656250000000e+05
2.191705625000000000e+05
2.194548281250000000e+05
2.197309687500000000e+05
2.200107343750000000e+05
2.203032187500000000e+05
2.206114687500000000e+05
2.209264843750000000e+05
2.212322187500000000e+05
2.215142031250000000e+05
2.217716562500000000e+05
2.220096250000000000e+05
2.222408125000000000e+05
2.224802968750000000e+05
2.227398281250000000e+05
2.230115625000000000e+05
2.232924062500000000e+05
2.235703281250000000e+05
2.238304062500000000e+05
2.240761562500000000e+05
2.243082343750000000e+05
2.245357500000000000e+05
2.247657968750000000e+05
2.250010781250000000e+05
2.252374375000000000e+05
2.254770156250000000e+05
2.257130937500000000e+05
2.259402343750000000e+05
2.261599531250000000e+05
2.263728593750000000e+05
2.265873906250000000e+05
2.268032343750000000e+05
2.270220000000000000e+05
2.272412031250000000e+05
2.274638125000000000e+05
2.276807968750000000e+05
2.278926406250000000e+05
2.280945937500000000e+05
2.282930937500000000e+05
2.284827968750000000e+05
2.286742968750000000e+05
2.288645937500000000e+05
2.290604843750000000e+05
2.292606875000000000e+05
2.294577968750000000e+05
2.296555000000000000e+05
2.298441562500000000e+05
2.300274687500000000e+05
2.302067656250000000e+05
2.303885468750000000e+05
2.305698750000000000e+05
2.307522031250000000e+05
2.309355000000000000e+05
2.311178750000000000e+05
2.312993906250000000e+05
2.314745937500000000e+05
2.316519375000000000e+05
2.318260781250000000e+05
2.319993593750000000e+05
2.321764843750000000e+05
2.323535625000000000e+05
2.325267656250000000e+05
2.326985625000000000e+05
2.328681250000000000e+05
2.330355937500000000e+05
2.332029062500000000e+05
2.333701406250000000e+05
2.335384375000000000e+05
2.337001562500000000e+05
2.338631250000000000e+05
2.340260625000000000e+05
2.341825312500000000e+05
2.343439062500000000e+05
2.345006250000000000e+05
2.346581562500000000e+05
2.348156250000000000e+05
2.349700781250000000e+05
2.351237031250000000e+05
2.352752968750000000e+05
2.354290156250000000e+05
2.355800312500000000e+05
2.357308906250000000e+05
2.358803593750000000e+05
2.360297031250000000e+05
2.361740625000000000e+05
2.363190625000000000e+05
2.364632343750000000e+05
2.366046875000000000e+05
2.367466093750000000e+05
2.368880781250000000e+05
2.370274062500000000e+05
2.371672656250000000e+05
2.373066718750000000e+05
2.374463281250000000e+05
2.375829531250000000e+05
2.377183281250000000e+05
2.378559531250000000e+05
2.379896718750000000e+05
2.381237500000000000e+05
2.382562031250000000e+05
2.383904687500000000e+05
2.385242656250000000e+05
2.386560000000000000e+05
2.387862656250000000e+05
2.389161250000000000e+05
2.390422812500000000e+05
2.391692656250000000e+05
2.392948906250000000e+05
2.394216093750000000e+05
2.395470156250000000e+05
2.396698750000000000e+05
2.397923906250000000e+05
2.399122343750000000e+05
2.400370156250000000e+05
2.401605625000000000e+05
2.402805937500000000e+05
2.404019062500000000e+05
2.405213906250000000e+05
2.406391406250000000e+05
2.407596718750000000e+05
2.408782656250000000e+05
2.410010937500000000e+05
2.411186093750000000e+05
2.412354687500000000e+05
2.413534062500000000e+05
2.414685312500000000e+05
2.415825625000000000e+05
2.416964687500000000e+05
2.418116718750000000e+05
2.419263281250000000e+05
2.420383593750000000e+05
2.421493437500000000e+05
2.422595937500000000e+05
2.423694062500000000e+05
2.424807343750000000e+05
2.425903593750000000e+05
2.427001718750000000e+05
2.428064375000000000e+05
2.429189375000000000e+05
2.430269531250000000e+05
2.431356718750000000e+05
2.432435000000000000e+05
2.433519531250000000e+05
2.434620156250000000e+05
2.435671250000000000e+05
2.436747343750000000e+05
2.437808125000000000e+05
2.438883593750000000e+05
2.439952812500000000e+05
2.441016718750000000e+05
2.442032187500000000e+05
2.443043593750000000e+05
2.444091406250000000e+05
2.445124218750000000e+05
2.446124375000000000e+05
2.447138750000000000e+05
2.448133437500000000e+05
2.449152968750000000e+05
2.450140156250000000e+05
2.451144062500000000e+05
2.452111250000000000e+05
2.453096875000000000e+05
2.454091718750000000e+05
2.455091718750000000e+05
2.456014375000000000e+05
2.456982031250000000e+05
2.457938750000000000e+05
2.458908125000000000e+05
2.459889375000000000e+05
2.460878281250000000e+05
2.461799062500000000e+05
2.462726406250000000e+05
2.463656093750000000e+05
2.464589062500000000e+05
2.465538593750000000e+05
2.466478593750000000e+05
2.467385625000000000e+05
2.468284843750000000e+05
2.469192968750000000e+05
2.470073437500000000e+05
2.470995312500000000e+05
2.471886406250000000e+05
2.472788750000000000e+05
2.473690156250000000e+05
2.474544843750000000e+05
2.475408125000000000e+05
2.476280937500000000e+05
2.477187500000000000e+05
2.478093437500000000e+05
2.478945468750000000e+05
2.479819531250000000e+05
2.480656718750000000e+05
2.481517500000000000e+05
2.482389062500000000e+05
2.483265312500000000e+05
2.484108906250000000e+05
2.484916250000000000e+05
2.485737968750000000e+05
2.486545625000000000e+05
2.487361562500000000e+05
2.488188125000000000e+05
2.489023593750000000e+05
2.489825625000000000e+05
2.490616406250000000e+05
2.491393437500000000e+05
2.492178125000000000e+05
2.492959062500000000e+05
2.493749375000000000e+05
2.494530625000000000e+05
2.495296718750000000e+05
2.496045312500000000e+05
2.496827656250000000e+05
2.497618281250000000e+05
2.498374218750000000e+05
2.499147656250000000e+05
2.499927500000000000e+05
2.500704062500000000e+05
2.501493750000000000e+05
2.502264687500000000e+05
2.503030312500000000e+05
2.503778281250000000e+05
2.504537500000000000e+05
2.505268593750000000e+05
2.506021406250000000e+05
2.506807656250000000e+05
2.507527031250000000e+05
2.508256093750000000e+05
2.508998281250000000e+05
2.509740781250000000e+05
2.510453437500000000e+05
2.511192656250000000e+05
2.511916406250000000e+05
2.512656093750000000e+05
2.513387656250000000e+05
2.514111718750000000e+05
2.514838750000000000e+05
2.515580937500000000e+05
2.516308750000000000e+05
2.517024218750000000e+05
2.517732343750000000e+05
2.518437968750000000e+05
2.519179531250000000e+05
2.519908593750000000e+05
2.520590625000000000e+05
2.521285000000000000e+05
2.521981718750000000e+05
2.522690625000000000e+05
2.523408281250000000e+05
2.524104375000000000e+05
2.524789375000000000e+05
2.525479531250000000e+05
2.526150000000000000e+05
2.526863593750000000e+05
2.527584843750000000e+05
2.528253750000000000e+05
2.528904375000000000e+05
2.529575312500000000e+05
2.530282343750000000e+05
2.530989687500000000e+05
2.531651562500000000e+05
2.532316875000000000e+05
2.533001718750000000e+05
2.533656093750000000e+05
2.534331718750000000e+05
2.534992968750000000e+05
2.535682656250000000e+05
2.536317968750000000e+05
2.536946093750000000e+05
2.537620156250000000e+05
2.538253750000000000e+05
2.538890156250000000e+05
2.539545312500000000e+05
2.540178750000000000e+05
2.540797343750000000e+05
2.541409531250000000e+05
2.542040000000000000e+05
2.542678125000000000e+05
2.543309375000000000e+05
2.543928906250000000e+05
2.544517656250000000e+05
2.545153750000000000e+05
2.545766406250000000e+05
2.546364375000000000e+05
2.546982968750000000e+05
2.547570937500000000e+05
2.548148906250000000e+05
2.548742343750000000e+05
2.549362968750000000e+05
2.549958281250000000e+05
2.550544687500000000e+05
2.551117031250000000e+05
2.551693437500000000e+05
2.552272968750000000e+05
2.552861406250000000e+05
2.553437656250000000e+05
2.554005937500000000e+05
2.554548593750000000e+05
2.555109375000000000e+05
2.555689062500000000e+05
2.556268125000000000e+05
2.556840312500000000e+05
2.557379531250000000e+05
2.557950937500000000e+05
2.558490937500000000e+05
2.559058281250000000e+05
2.559622812500000000e+05
2.560160000000000000e+05
2.560688750000000000e+05
2.561257031250000000e+05
2.561774687500000000e+05
2.562299531250000000e+05
2.562807656250000000e+05
2.563343281250000000e+05
2.563894218750000000e+05
2.564433593750000000e+05
2.564914687500000000e+05
2.565462343750000000e+05
2.565995312500000000e+05
2.566523281250000000e+05
2.567015937500000000e+05
2.567530312500000000e+05
2.568050937500000000e+05
2.568578750000000000e+05
2.569074218750000000e+05
2.569575312500000000e+05
2.570085312500000000e+05
2.570605468750000000e+05
2.571142343750000000e+05
2.571598281250000000e+05
2.572080781250000000e+05
2.572612968750000000e+05
2.573148593750000000e+05
2.573661093750000000e+05
2.574117343750000000e+05
2.574590156250000000e+05
2.575096093750000000e+05
2.575600937500000000e+05
2.576109062500000000e+05
2.576592656250000000e+05
2.577040937500000000e+05
2.577511406250000000e+05
2.578032343750000000e+05
2.578546875000000000e+05
2.579008906250000000e+05
2.579485625000000000e+05
2.579948906250000000e+05
2.580435625000000000e+05
2.580940781250000000e+05
2.581421093750000000e+05
2.581849531250000000e+05
2.582327968750000000e+05
2.582817968750000000e+05
2.583302031250000000e+05
2.583779062500000000e+05
2.584233750000000000e+05
2.584708281250000000e+05
2.585184843750000000e+05
2.585650156250000000e+05
2.586089687500000000e+05
2.586575000000000000e+05
2.587046875000000000e+05
2.587507343750000000e+05
2.587934375000000000e+05
2.588390937500000000e+05
2.588865312500000000e+05
2.589333281250000000e+05
2.589799531250000000e+05
2.590212031250000000e+05
2.590657656250000000e+05
2.591132656250000000e+05
2.591618125000000000e+05
2.592052656250000000e+05
2.592492031250000000e+05
2.592918750000000000e+05
2.593343281250000000e+05
2.593780781250000000e+05
2.594215000000000000e+05
2.594642812500000000e+05
2.595066250000000000e+05
2.595532968750000000e+05
2.595978750000000000e+05
2.596410156250000000e+05
2.596833750000000000e+05
2.597267656250000000e+05
2.597690156250000000e+05
2.598159687500000000e+05
2.598634687500000000e+05
2.599059062500000000e+05
2.599508906250000000e+05
2.599884375000000000e+05
2.600345468750000000e+05
2.600781093750000000e+05
2.601195468750000000e+05
2.601636093750000000e+05
2.602023593750000000e+05
2.602468281250000000e+05
2.602897968750000000e+05
2.603338281250000000e+05
2.603759062500000000e+05
2.604204375000000000e+05
2.604585000000000000e+05
2.605017656250000000e+05
2.605446093750000000e+05
2.605885312500000000e+05
2.606332968750000000e+05
2.606728593750000000e+05
2.607156250000000000e+05
2.607620000000000000e+05
2.608033593750000000e+05
2.608457031250000000e+05
2.608854687500000000e+05
2.609312968750000000e+05
2.609769687500000000e+05
2.610199062500000000e+05
2.610602812500000000e+05
2.611005937500000000e+05
2.611469375000000000e+05
2.611941093750000000e+05
2.612339062500000000e+05
2.612716406250000000e+05
2.613156093750000000e+05
2.613597500000000000e+05
2.614030312500000000e+05
2.614429375000000000e+05
2.614825625000000000e+05
2.615267343750000000e+05
2.615674375000000000e+05
2.616100156250000000e+05
2.616473750000000000e+05
2.616886250000000000e+05
2.617314062500000000e+05
2.617758906250000000e+05
2.618127656250000000e+05
2.618506406250000000e+05
2.618934218750000000e+05
2.619347031250000000e+05
2.619744218750000000e+05
2.620153593750000000e+05
2.620532656250000000e+05
2.620919062500000000e+05
2.621307968750000000e+05
2.621721875000000000e+05
2.622112500000000000e+05
2.622532500000000000e+05
2.622934375000000000e+05
2.623294375000000000e+05
2.623693125000000000e+05
2.624100625000000000e+05
2.624492500000000000e+05
2.624885000000000000e+05
2.625278750000000000e+05
2.625666250000000000e+05
2.626062500000000000e+05
2.626441875000000000e+05
2.626827812500000000e+05
2.627226875000000000e+05
2.627647812500000000e+05
2.628051562500000000e+05
2.628419687500000000e+05
2.628805000000000000e+05
2.629202812500000000e+05
2.629581875000000000e+05
2.629970312500000000e+05
2.630386250000000000e+05
2.630738437500000000e+05
2.631134687500000000e+05
2.631484375000000000e+05
2.631913125000000000e+05
2.632302812500000000e+05
2.632680625000000000e+05
2.633046250000000000e+05
2.633433125000000000e+05
2.633850000000000000e+05
2.634212500000000000e+05
2.634573125000000000e+05
2.634946250000000000e+05
2.635354375000000000e+05
2.635710937500000000e+05
2.636096562500000000e+05
2.636469062500000000e+05
2.636842500000000000e+05
2.637205000000000000e+05
2.637569375000000000e+05
2.637965000000000000e+05
2.638335937500000000e+05
2.638675937500000000e+05
2.639061250000000000e+05
2.639423750000000000e+05
2.639810000000000000e+05
2.640159687500000000e+05
2.640504687500000000e+05
2.640906250000000000e+05
2.641269687500000000e+05
2.641644375000000000e+05
2.642017187500000000e+05
2.642345000000000000e+05
2.642734375000000000e+05
2.643113750000000000e+05
2.643503750000000000e+05
2.643845000000000000e+05
2.644165937500000000e+05
2.644569375000000000e+05
2.644935937500000000e+05
2.645299062500000000e+05
2.645630937500000000e+05
2.645983750000000000e+05
2.646372187500000000e+05
2.646757812500000000e+05
2.647117500000000000e+05
2.647465937500000000e+05
2.647825312500000000e+05
2.648177812500000000e+05
2.648552187500000000e+05
2.648930625000000000e+05
2.649266562500000000e+05
2.649609375000000000e+05
2.649955312500000000e+05
2.650329375000000000e+05
2.650657500000000000e+05
2.651048750000000000e+05
2.651414375000000000e+05
2.651741250000000000e+05
2.652073125000000000e+05
2.652433125000000000e+05
2.652803750000000000e+05
2.653161875000000000e+05
2.653477500000000000e+05
2.653849687500000000e+05
2.654211875000000000e+05
2.654518125000000000e+05
2.654872500000000000e+05
2.655245312500000000e+05
2.655602812500000000e+05
2.655955312500000000e+05
2.656245312500000000e+05
2.656574375000000000e+05
2.656950000000000000e+05
2.657334375000000000e+05
2.657657812500000000e+05
2.657949062500000000e+05
2.658289687500000000e+05
2.658628125000000000e+05
2.658995312500000000e+05
2.659308750000000000e+05
2.659640312500000000e+05
2.659961250000000000e+05
2.660305937500000000e+05
2.660641562500000000e+05
2.660980000000000000e+05
2.661300625000000000e+05
2.661618750000000000e+05
2.661951875000000000e+05
2.662284375000000000e+05
2.662605625000000000e+05
2.662935000000000000e+05
2.663253750000000000e+05
2.663534687500000000e+05
2.663883750000000000e+05
2.664179687500000000e+05
2.664516875000000000e+05
2.664807812500000000e+05
2.665101875000000000e+05
2.665430625000000000e+05
2.665751250000000000e+05
2.666060000000000000e+05
2.666378437500000000e+05
2.666685312500000000e+05
2.666978750000000000e+05
2.667295000000000000e+05
2.667625937500000000e+05
2.667950000000000000e+05
2.668226562500000000e+05
2.668507812500000000e+05
2.668833125000000000e+05
2.669197812500000000e+05
2.669468437500000000e+05
2.669716875000000000e+05
2.670038750000000000e+05
2.670377812500000000e+05
2.670684062500000000e+05
2.670992500000000000e+05
2.671300000000000000e+05
2.671601250000000000e+05
2.671913125000000000e+05
2.672198437500000000e+05
2.672531250000000000e+05
2.672805312500000000e+05
2.673069375000000000e+05
2.673368437500000000e+05
2.673695937500000000e+05
2.674018125000000000e+05
2.674261875000000000e+05
2.674520312500000000e+05
2.674874687500000000e+05
2.675169687500000000e+05
2.675453437500000000e+05
2.675751250000000000e+05
2.676046562500000000e+05
2.676319687500000000e+05
2.676597500000000000e+05
2.676924375000000000e+05
2.677215000000000000e+05
2.677510312500000000e+05
2.677777812500000000e+05
2.678079687500000000e+05
2.678408437500000000e+05
2.678677500000000000e+05
2.678976562500000000e+05
2.679271250000000000e+05
2.679590312500000000e+05
2.679903125000000000e+05
2.680207812500000000e+05
2.680484062500000000e+05
2.680798125000000000e+05
2.681100625000000000e+05
2.681398437500000000e+05
2.681708437500000000e+05
2.682007812500000000e+05
2.682281875000000000e+05
2.682588437500000000e+05
2.682886875000000000e+05
2.683214375000000000e+05
2.683462500000000000e+05
2.683767187500000000e+05
2.684110000000000000e+05
2.684411250000000000e+05
2.684713125000000000e+05
2.684997812500000000e+05
2.685279687500000000e+05
2.685640000000000000e+05
2.685918437500000000e+05
2.686232500000000000e+05
2.686562187500000000e+05
2.686851562500000000e+05
2.687193437500000000e+05
2.687510625000000000e+05
2.687813750000000000e+05
2.688115625000000000e+05
2.688386562500000000e+05
2.688687500000000000e+05
2.689025937500000000e+05
2.689344375000000000e+05
2.689631562500000000e+05
2.689918750000000000e+05
2.690195000000000000e+05
2.690538125000000000e+05
2.690835000000000000e+05
2.691095000000000000e+05
2.691412187500000000e+05
2.691707187500000000e+05
2.692020625000000000e+05
2.692306562500000000e+05
2.692605000000000000e+05
2.692873125000000000e+05
2.693161875000000000e+05
2.693464375000000000e+05
2.693747187500000000e+05
2.694047812500000000e+05
2.694341875000000000e+05
2.694627812500000000e+05
2.694917812500000000e+05
2.695204687500000000e+05
2.695453750000000000e+05
2.695759687500000000e+05
2.696055937500000000e+05
2.696337187500000000e+05
2.696578750000000000e+05
2.696870937500000000e+05
2.697182500000000000e+05
2.697456562500000000e+05
2.697728437500000000e+05
2.698009375000000000e+05
2.698290312500000000e+05
2.698573125000000000e+05
2.698849375000000000e+05
2.699135000000000000e+05
2.699405937500000000e+05
2.699679687500000000e+05
2.699968125000000000e+05
2.700250625000000000e+05
2.700538750000000000e+05
2.700777812500000000e+05
2.701035937500000000e+05
2.701360625000000000e+05
2.701664687500000000e+05
2.701905937500000000e+05
2.702161250000000000e+05
2.702444687500000000e+05
2.702749062500000000e+05
2.703031562500000000e+05
2.703316562500000000e+05
2.703584687500000000e+05
2.703827812500000000e+05
2.704143437500000000e+05
2.704423125000000000e+05
2.704706250000000000e+05
2.704983125000000000e+05
2.705235937500000000e+05
2.705530000000000000e+05
2.705790000000000000e+05
2.706104375000000000e+05
2.706326250000000000e+05
2.706597187500000000e+05
2.706872500000000000e+05
2.707149062500000000e+05
2.707413750000000000e+05
2.707649687500000000e+05
2.707902812500000000e+05
2.708183750000000000e+05
2.708472500000000000e+05
2.708716250000000000e+05
2.708969375000000000e+05
2.709276562500000000e+05
2.709547187500000000e+05
2.709816250000000000e+05
2.710039062500000000e+05
2.710312187500000000e+05
2.710598437500000000e+05
2.710873750000000000e+05
2.711112500000000000e+05
2.711337187500000000e+05
2.711582812500000000e+05
2.711854062500000000e+05
2.712155937500000000e+05
2.712377500000000000e+05
2.712561250000000000e+05
2.712812500000000000e+05
2.713141250000000000e+05
2.713376875000000000e+05
2.713581562500000000e+05
2.713842187500000000e+05
2.714116562500000000e+05
2.714372500000000000e+05
2.714620000000000000e+05
2.714865625000000000e+05
2.715116250000000000e+05
2.715379062500000000e+05
2.715639687500000000e+05
2.715879062500000000e+05
2.716133750000000000e+05
2.716385000000000000e+05
2.716644687500000000e+05
2.716891875000000000e+05
2.717137812500000000e+05
2.717429062500000000e+05
2.717647812500000000e+05
2.717870625000000000e+05
2.718142812500000000e+05
2.718431875000000000e+05
2.718637812500000000e+05
2.718881875000000000e+05
2.719169062500000000e+05
2.719393750000000000e+05
2.719662500000000000e+05
2.719913437500000000e+05
2.720152500000000000e+05
2.720365312500000000e+05
2.720635312500000000e+05
2.720916562500000000e+05
2.721142187500000000e+05
2.721365937500000000e+05
2.721603125000000000e+05
2.721841875000000000e+05
2.722104375000000000e+05
2.722346875000000000e+05
2.722575000000000000e+05
2.722801875000000000e+05
2.723045312500000000e+05
2.723301562500000000e+05
2.723533750000000000e+05
2.723756562500000000e+05
2.724045000000000000e+05
2.724255312500000000e+05
2.724457187500000000e+05
2.724745000000000000e+05
2.725023750000000000e+05
2.725220000000000000e+05
2.725414375000000000e+05
2.725730312500000000e+05
2.725991562500000000e+05
2.726189687500000000e+05
2.726404062500000000e+05
2.726683125000000000e+05
2.726909062500000000e+05
2.727100625000000000e+05
2.727366562500000000e+05
2.727626562500000000e+05
2.727882812500000000e+05
2.728082812500000000e+05
2.728307812500000000e+05
2.728534062500000000e+05
2.728819375000000000e+05
2.729023750000000000e+05
2.729230937500000000e+05
2.729497812500000000e+05
2.729715000000000000e+05
2.729953437500000000e+05
2.730165312500000000e+05
2.730406562500000000e+05
2.730676250000000000e+05
2.730866250000000000e+05
2.731099375000000000e+05
2.731373750000000000e+05
2.731588125000000000e+05
2.731779687500000000e+05
2.732027812500000000e+05
2.732290937500000000e+05
2.732514062500000000e+05
2.732713437500000000e+05
2.732954062500000000e+05
2.733213125000000000e+05
2.733445937500000000e+05
2.733633125000000000e+05
2.733895000000000000e+05
2.734165937500000000e+05
2.734351875000000000e+05
2.734599062500000000e+05
2.734842187500000000e+05
2.735030000000000000e+05
2.735280625000000000e+05
2.735526875000000000e+05
2.735749062500000000e+05
2.735964687500000000e+05
2.736187812500000000e+05
2.736447500000000000e+05
2.736640312500000000e+05
2.736862500000000000e+05
2.737089062500000000e+05
2.737321875000000000e+05
2.737560625000000000e+05
2.737764375000000000e+05
2.737974375000000000e+05
2.738197500000000000e+05
2.738469375000000000e+05
2.738667187500000000e+05
2.738861562500000000e+05
2.739102500000000000e+05
2.739347812500000000e+05
2.739561250000000000e+05
2.739788437500000000e+05
2.740013750000000000e+05
2.740264687500000000e+05
2.740485312500000000e+05
2.740685000000000000e+05
2.740899687500000000e+05
2.741149062500000000e+05
2.741345312500000000e+05
2.741532187500000000e+05
2.741800000000000000e+05
2.742031875000000000e+05
2.742266875000000000e+05
2.742479687500000000e+05
2.742693125000000000e+05
2.742923750000000000e+05
2.743126250000000000e+05
2.743378437500000000e+05
2.743633750000000000e+05
2.743817500000000000e+05
2.744028750000000000e+05
2.744280625000000000e+05
2.744516562500000000e+05
2.744738750000000000e+05
2.744951875000000000e+05
2.745174687500000000e+05
2.745423750000000000e+05
2.745646562500000000e+05
2.745846562500000000e+05
2.746078437500000000e+05
2.746323125000000000e+05
2.746543750000000000e+05
2.746759375000000000e+05
2.746938437500000000e+05
2.747183125000000000e+05
2.747402187500000000e+05
2.747599687500000000e+05
2.747790625000000000e+05
2.748006875000000000e+05
2.748223750000000000e+05
2.748438437500000000e+05
2.748673125000000000e+05
2.748862187500000000e+05
2.749054375000000000e+05
2.749302500000000000e+05
2.749487187500000000e+05
2.749681250000000000e+05
2.749916250000000000e+05
2.750120625000000000e+05
2.750327187500000000e+05
2.750515625000000000e+05
2.750740000000000000e+05
2.750990625000000000e+05
2.751148750000000000e+05
2.751349375000000000e+05
2.751595312500000000e+05
2.751804375000000000e+05
2.752011875000000000e+05
2.752195312500000000e+05
2.752435000000000000e+05
2.752669687500000000e+05
2.752877812500000000e+05
2.753081562500000000e+05
2.753286562500000000e+05
2.753543125000000000e+05
2.753781875000000000e+05
2.753940000000000000e+05
2.754136875000000000e+05
2.754415000000000000e+05
2.754625937500000000e+05
2.754808437500000000e+05
2.755012187500000000e+05
2.755241250000000000e+05
2.755462500000000000e+05
2.755665937500000000e+05
