1.029939218750000000e+05
7.569193750000000000e+04
5.630291015625000000e+04
4.274412109375000000e+04
3.453275000000000000e+04
3.010370312500000000e+04
2.755907226562500000e+04
2.558268750000000000e+04
2.350676562500000000e+04
2.117841601562500000e+04
1.876831835937500000e+04
1.661433007812500000e+04
1.496190136718750000e+04
1.383040332031250000e+04
1.304615332031250000e+04
1.239963085937500000e+04
1.176384960937500000e+04
1.112703808593750000e+04
1.053827246093750000e+04
1.001723144531250000e+04
9.534882812500000000e+03
9.056178710937500000e+03
8.582890625000000000e+03
8.140277832031250000e+03
7.744074707031250000e+03
7.383370117187500000e+03
7.044192382812500000e+03
6.725554687500000000e+03
6.435888671875000000e+03
6.178473144531250000e+03
5.942705078125000000e+03
5.713404296875000000e+03
5.486106445312500000e+03
5.268360839843750000e+03
5.068349609375000000e+03
4.885120605468750000e+03
4.713091796875000000e+03
4.549852050781250000e+03
4.398907226562500000e+03
4.262398437500000000e+03
4.135846679687500000e+03
4.013108398437500000e+03
3.894172851562500000e+03
3.783855712890625000e+03
3.685082031250000000e+03
3.594893798828125000e+03
3.507508056640625000e+03
3.420652832031250000e+03
3.336674316406250000e+03
3.257621826171875000e+03
3.182333984375000000e+03
3.109214355468750000e+03
3.039077392578125000e+03
2.974083496093750000e+03
2.914336669921875000e+03
2.857530029296875000e+03
2.801505615234375000e+03
2.746139648437500000e+03
2.692689208984375000e+03
2.642172851562500000e+03
2.594656982421875000e+03
2.549434570312500000e+03
2.505976806640625000e+03
2.463902832031250000e+03
2.422816406250000000e+03
2.382929687500000000e+03
2.344305419921875000e+03
2.307063964843750000e+03
2.271258789062500000e+03
2.236960937500000000e+03
2.204281250000000000e+03
2.172653076171875000e+03
2.141597167968750000e+03
2.110994873046875000e+03
2.081350097656250000e+03
2.052902587890625000e+03
2.025463134765625000e+03
1.998743286132812500e+03
1.972586059570312500e+03
1.947043212890625000e+03
1.922305908203125000e+03
1.898241333007812500e+03
1.874841430664062500e+03
1.852087036132812500e+03
1.829911254882812500e+03
1.808198364257812500e+03
1.787036621093750000e+03
1.766495361328125000e+03
1.746467773437500000e+03
1.726924072265625000e+03
1.707823852539062500e+03
1.689195800781250000e+03
1.670994262695312500e+03
1.653192016601562500e+03
1.635775512695312500e+03
1.618746337890625000e+03
1.602109619140625000e+03
1.585802978515625000e+03
1.569796752929687500e+03
1.554148803710937500e+03
1.538857910156250000e+03
1.523859863281250000e+03
1.509164550781250000e+03
1.494758300781250000e+03
1.480609985351562500e+03
1.466718627929687500e+03
1.453094604492187500e+03
1.439699340820312500e+03
1.426575317382812500e+03
1.413726562500000000e+03
1.401095947265625000e+03
1.388704101562500000e+03
1.376484619140625000e+03
1.364554321289062500e+03
1.352792480468750000e+03
1.341216796875000000e+03
1.329825195312500000e+03
1.318597412109375000e+03
1.307580444335937500e+03
1.296724853515625000e+03
1.286051147460937500e+03
1.275551147460937500e+03
1.265215942382812500e+03
1.255036621093750000e+03
1.245007446289062500e+03
1.235150756835937500e+03
1.225433105468750000e+03
1.215853393554687500e+03
1.206437255859375000e+03
1.197164916992187500e+03
1.187995239257812500e+03
1.178994628906250000e+03
1.170120117187500000e+03
1.161370483398437500e+03
1.152759277343750000e+03
1.144266845703125000e+03
1.135901611328125000e+03
1.127627441406250000e+03
1.119464111328125000e+03
1.111429199218750000e+03
1.103471923828125000e+03
1.095634399414062500e+03
1.087912963867187500e+03
1.080261352539062500e+03
1.072757324218750000e+03
1.065350219726562500e+03
1.058043579101562500e+03
1.050847412109375000e+03
1.043734985351562500e+03
1.036712158203125000e+03
1.029779663085937500e+03
1.022962280273437500e+03
1.016229187011718750e+03
1.009570068359375000e+03
1.002992492675781250e+03
9.964957275390625000e+02
9.900902709960937500e+02
9.837286376953125000e+02
9.774376831054687500e+02
9.712557373046875000e+02
9.651342773437500000e+02
9.590686035156250000e+02
9.530919799804687500e+02
9.471821289062500000e+02
9.413413696289062500e+02
9.355515747070312500e+02
9.298387451171875000e+02
9.241887207031250000e+02
9.185999145507812500e+02
9.130747070312500000e+02
9.076243896484375000e+02
9.022147216796875000e+02
8.968866577148437500e+02
8.916038818359375000e+02
8.863715209960937500e+02
8.812109375000000000e+02
8.761110839843750000e+02
8.710560302734375000e+02
8.660672607421875000e+02
8.611257934570312500e+02
8.562360839843750000e+02
8.514151000976562500e+02
8.466182861328125000e+02
8.418825683593750000e+02
8.371879882812500000e+02
8.325514526367187500e+02
8.279537963867187500e+02
8.234092407226562500e+02
8.189117431640625000e+02
8.144458618164062500e+02
8.100413818359375000e+02
8.056647949218750000e+02
8.013450927734375000e+02
7.970515136718750000e+02
7.928123779296875000e+02
7.886211547851562500e+02
7.844706420898437500e+02
7.803677978515625000e+02
7.762919921875000000e+02
7.722769775390625000e+02
7.682847900390625000e+02
7.643424072265625000e+02
7.604274902343750000e+02
7.565587158203125000e+02
7.527072143554687500e+02
7.489071655273437500e+02
7.451395874023437500e+02
7.414155273437500000e+02
7.377108154296875000e+02
7.340445556640625000e+02
7.304126586914062500e+02
7.268157958984375000e+02
7.232443847656250000e+02
7.197171020507812500e+02
7.162067871093750000e+02
7.127470092773437500e+02
7.092977905273437500e+02
7.058969726562500000e+02
7.025333862304687500e+02
6.991826782226562500e+02
6.958742675781250000e+02
6.925833129882812500e+02
6.893363037109375000e+02
6.861037597656250000e+02
6.828996582031250000e+02
6.797208862304687500e+02
6.765798950195312500e+02
6.734642333984375000e+02
6.703743896484375000e+02
6.673081054687500000e+02
6.642550659179687500e+02
6.612470092773437500e+02
6.582444458007812500e+02
6.552868041992187500e+02
6.523393554687500000e+02
6.494190673828125000e+02
6.465236206054687500e+02
6.436536865234375000e+02
6.408145751953125000e+02
6.379790649414062500e+02
6.351928710937500000e+02
6.324113769531250000e+02
6.296590576171875000e+02
6.269274291992187500e+02
6.242219848632812500e+02
6.215244140625000000e+02
6.188563232421875000e+02
6.162158813476562500e+02
6.135881958007812500e+02
6.109918212890625000e+02
6.084055786132812500e+02
6.058457641601562500e+02
6.032957763671875000e+02
6.007695922851562500e+02
5.982822265625000000e+02
5.957896118164062500e+02
5.933286743164062500e+02
5.908829345703125000e+02
5.884617309570312500e+02
5.860563354492187500e+02
5.836682128906250000e+02
5.813044433593750000e+02
5.789569702148437500e+02
5.766307373046875000e+02
5.743268432617187500e+02
5.720353393554687500e+02
5.697697143554687500e+02
5.675221557617187500e+02
5.652825927734375000e+02
5.630678100585937500e+02
5.608585205078125000e+02
5.586695556640625000e+02
5.564985961914062500e+02
5.543412475585937500e+02
5.522086181640625000e+02
5.500783081054687500e+02
5.479780273437500000e+02
5.458985595703125000e+02
5.438220825195312500e+02
5.417625122070312500e+02
5.397271728515625000e+02
5.376966552734375000e+02
5.356823120117187500e+02
5.336976928710937500e+02
5.317186279296875000e+02
5.297520141601562500e+02
5.277987670898437500e+02
5.258681030273437500e+02
5.239489746093750000e+02
5.220435791015625000e+02
5.201510620117187500e+02
5.182682495117187500e+02
5.164107666015625000e+02
5.145551757812500000e+02
5.127235717773437500e+02
5.108974304199218750e+02
5.090811157226562500e+02
5.072866821289062500e+02
5.055055847167968750e+02
5.037343139648437500e+02
5.019743652343750000e+02
5.002297363281250000e+02
4.984904174804687500e+02
4.967707214355468750e+02
4.950564270019531250e+02
4.933535461425781250e+02
4.916611022949218750e+02
4.899862976074218750e+02
4.883288879394531250e+02
4.866656188964843750e+02
4.850299072265625000e+02
4.833970642089843750e+02
4.817800598144531250e+02
4.801669006347656250e+02
4.785727233886718750e+02
4.769889221191406250e+02
4.754031677246093750e+02
4.738424682617187500e+02
4.722874145507812500e+02
4.707433471679687500e+02
4.692148742675781250e+02
4.676917114257812500e+02
4.661812133789062500e+02
4.646744995117187500e+02
4.631855773925781250e+02
4.616994628906250000e+02
4.602381591796875000e+02
4.587664794921875000e+02
4.573195495605468750e+02
4.558756103515625000e+02
4.544421386718750000e+02
4.530128784179687500e+02
4.516080322265625000e+02
4.501993408203125000e+02
4.487946472167968750e+02
4.474053344726562500e+02
4.460308227539062500e+02
4.446567382812500000e+02
4.432911987304687500e+02
4.419438781738281250e+02
4.405922851562500000e+02
4.392571716308593750e+02
4.379265747070312500e+02
4.366024780273437500e+02
4.352933349609375000e+02
4.339869079589843750e+02
4.326884765625000000e+02
4.313968505859375000e+02
4.301132202148437500e+02
4.288368225097656250e+02
4.275807800292968750e+02
4.263192138671875000e+02
4.250691528320312500e+02
4.238247985839843750e+02
4.225946044921875000e+02
4.213646240234375000e+02
4.201417236328125000e+02
4.189341735839843750e+02
4.177217407226562500e+02
4.165270996093750000e+02
4.153290405273437500e+02
4.141483459472656250e+02
4.129641418457031250e+02
4.117909545898437500e+02
4.106260375976562500e+02
4.094642944335937500e+02
4.083103332519531250e+02
4.071617736816406250e+02
4.060237426757812500e+02
4.048905334472656250e+02
4.037606811523437500e+02
4.026425781250000000e+02
4.015319213867187500e+02
4.004177246093750000e+02
3.993183593750000000e+02
3.982246093750000000e+02
3.971406250000000000e+02
3.960591125488281250e+02
3.949910888671875000e+02
3.939242858886718750e+02
3.928560791015625000e+02
3.918039855957031250e+02
3.907523803710937500e+02
3.897085266113281250e+02
3.886760559082031250e+02
3.876423339843750000e+02
3.866162719726562500e+02
3.855913391113281250e+02
3.845827331542968750e+02
3.835730895996093750e+02
3.825719299316406250e+02
3.815811767578125000e+02
3.805863037109375000e+02
3.795958251953125000e+02
3.786144714355468750e+02
3.776432189941406250e+02
3.766777954101562500e+02
3.757131958007812500e+02
3.747530822753906250e+02
3.737932434082031250e+02
3.728467102050781250e+02
3.718944702148437500e+02
3.709533386230468750e+02
3.700219116210937500e+02
3.690888366699218750e+02
3.681599731445312500e+02
3.672416076660156250e+02
3.663292236328125000e+02
3.654094238281250000e+02
3.645116577148437500e+02
3.636092834472656250e+02
3.627188110351562500e+02
3.618282470703125000e+02
3.609463500976562500e+02
3.600623474121093750e+02
3.591879882812500000e+02
3.583222961425781250e+02
3.574542846679687500e+02
3.565940856933593750e+02
3.557352294921875000e+02
3.548789062500000000e+02
3.540352478027343750e+02
3.531885070800781250e+02
3.523553466796875000e+02
3.515165100097656250e+02
3.506876831054687500e+02
3.498616333007812500e+02
3.490359802246093750e+02
3.482151489257812500e+02
3.474022216796875000e+02
3.465937500000000000e+02
3.457834167480468750e+02
3.449836425781250000e+02
3.441846923828125000e+02
3.433901672363281250e+02
3.426033325195312500e+02
3.418138427734375000e+02
3.410360412597656250e+02
3.402601623535156250e+02
3.394869079589843750e+02
3.387210693359375000e+02
3.379529418945312500e+02
3.371894531250000000e+02
3.364322509765625000e+02
3.356790771484375000e+02
3.349265747070312500e+02
3.341802368164062500e+02
3.334354858398437500e+02
3.326948852539062500e+02
3.319565429687500000e+02
3.312238769531250000e+02
3.304932861328125000e+02
3.297643127441406250e+02
3.290408020019531250e+02
3.283265991210937500e+02
3.276069335937500000e+02
3.268891906738281250e+02
3.261804809570312500e+02
3.254760742187500000e+02
3.247704467773437500e+02
3.240685729980468750e+02
3.233703613281250000e+02
3.226750793457031250e+02
3.219869995117187500e+02
3.212984008789062500e+02
3.206143188476562500e+02
3.199324951171875000e+02
3.192550964355468750e+02
3.185774230957031250e+02
3.179060058593750000e+02
3.172366638183593750e+02
3.165709838867187500e+02
3.159075317382812500e+02
3.152480163574218750e+02
3.145913391113281250e+02
3.139382324218750000e+02
3.132917785644531250e+02
3.126448364257812500e+02
3.119985046386718750e+02
3.113606567382812500e+02
3.107226867675781250e+02
3.100845031738281250e+02
3.094542541503906250e+02
3.088249511718750000e+02
3.081950988769531250e+02
3.075705261230468750e+02
3.069506530761718750e+02
3.063321533203125000e+02
3.057130737304687500e+02
3.050960998535156250e+02
3.044823608398437500e+02
3.038753051757812500e+02
3.032682189941406250e+02
3.026618652343750000e+02
3.020639343261718750e+02
3.014625854492187500e+02
3.008727722167968750e+02
3.002771606445312500e+02
2.996883239746093750e+02
2.991026611328125000e+02
2.985205078125000000e+02
2.979412536621093750e+02
2.973605957031250000e+02
2.967830810546875000e+02
2.962112731933593750e+02
2.956357421875000000e+02
2.950657958984375000e+02
2.944999389648437500e+02
2.939366455078125000e+02
2.933690795898437500e+02
2.928081054687500000e+02
2.922544555664062500e+02
2.916939697265625000e+02
2.911411132812500000e+02
2.905890808105468750e+02
2.900378723144531250e+02
2.894865417480468750e+02
2.889411621093750000e+02
2.883924255371093750e+02
2.878502502441406250e+02
2.873074951171875000e+02
2.867692565917968750e+02
2.862308349609375000e+02
2.856948242187500000e+02
2.851589050292968750e+02
2.846299133300781250e+02
2.841021118164062500e+02
2.835726928710937500e+02
2.830455932617187500e+02
2.825195922851562500e+02
2.820005493164062500e+02
2.814821472167968750e+02
2.809670104980468750e+02
2.804467773437500000e+02
2.799326477050781250e+02
2.794237670898437500e+02
2.789146118164062500e+02
2.784028930664062500e+02
2.778929748535156250e+02
2.773939208984375000e+02
2.768900756835937500e+02
2.763883972167968750e+02
2.758890380859375000e+02
2.753943786621093750e+02
2.749033203125000000e+02
2.744107055664062500e+02
2.739204101562500000e+02
2.734262084960937500e+02
2.729393310546875000e+02
2.724581298828125000e+02
2.719762573242187500e+02
2.714922485351562500e+02
2.710141296386718750e+02
2.705353088378906250e+02
2.700630798339843750e+02
2.695880126953125000e+02
2.691103820800781250e+02
2.686405334472656250e+02
2.681668701171875000e+02
2.677021484375000000e+02
2.672346801757812500e+02
2.667688598632812500e+02
2.663081970214843750e+02
2.658419799804687500e+02
2.653857116699218750e+02
2.649231262207031250e+02
2.644691772460937500e+02
2.640134887695312500e+02
2.635598144531250000e+02
2.631073913574218750e+02
2.626574096679687500e+02
2.622092895507812500e+02
2.617630004882812500e+02
2.613128662109375000e+02
2.608724975585937500e+02
2.604299926757812500e+02
2.599956970214843750e+02
2.595545043945312500e+02
2.591211547851562500e+02
2.586894226074218750e+02
2.582601318359375000e+02
2.578295898437500000e+02
2.574024047851562500e+02
2.569755859375000000e+02
2.565499877929687500e+02
2.561254272460937500e+02
2.557091217041015625e+02
2.552850952148437500e+02
2.548681945800781250e+02
2.544533691406250000e+02
2.540375061035156250e+02
2.536253967285156250e+02
2.532150573730468750e+02
2.528041381835937500e+02
2.523959045410156250e+02
2.519877319335937500e+02
2.515799407958984375e+02
2.511726074218750000e+02
2.507737731933593750e+02
2.503718414306640625e+02
2.499733276367187500e+02
2.495706939697265625e+02
2.491733398437500000e+02
2.487824401855468750e+02
2.483849029541015625e+02
2.479907989501953125e+02
2.476013793945312500e+02
2.472116394042968750e+02
2.468257446289062500e+02
2.464390563964843750e+02
2.460530548095703125e+02
2.456711883544921875e+02
2.452899169921875000e+02
2.449071350097656250e+02
2.445260314941406250e+02
2.441480407714843750e+02
2.437726745605468750e+02
2.433966064453125000e+02
2.430228881835937500e+02
2.426473236083984375e+02
2.422778472900390625e+02
2.419085998535156250e+02
2.415388946533203125e+02
2.411731262207031250e+02
2.408087310791015625e+02
2.404423217773437500e+02
2.400801544189453125e+02
2.397161560058593750e+02
2.393550109863281250e+02
2.389942169189453125e+02
2.386364746093750000e+02
2.382758789062500000e+02
2.379204559326171875e+02
2.375636596679687500e+02
2.372094726562500000e+02
2.368545227050781250e+02
2.365002593994140625e+02
2.361490478515625000e+02
2.357942504882812500e+02
2.354484863281250000e+02
2.351013488769531250e+02
2.347510833740234375e+02
2.344092407226562500e+02
2.340640258789062500e+02
2.337194213867187500e+02
2.333757934570312500e+02
2.330386047363281250e+02
2.326980590820312500e+02
2.323588867187500000e+02
2.320225219726562500e+02
2.316900329589843750e+02
2.313511657714843750e+02
2.310190887451171875e+02
2.306866302490234375e+02
2.303540344238281250e+02
2.300250854492187500e+02
2.296972656250000000e+02
2.293682098388671875e+02
2.290419158935546875e+02
2.287132110595703125e+02
2.283905487060546875e+02
2.280681762695312500e+02
2.277426147460937500e+02
2.274230957031250000e+02
2.271039428710937500e+02
2.267846832275390625e+02
2.264630737304687500e+02
2.261457214355468750e+02
2.258298034667968750e+02
2.255127105712890625e+02
2.252012481689453125e+02
2.248880615234375000e+02
2.245749511718750000e+02
2.242636413574218750e+02
2.239530029296875000e+02
2.236400756835937500e+02
2.233290405273437500e+02
2.230208282470703125e+02
2.227113952636718750e+02
2.224057159423828125e+02
2.220960693359375000e+02
2.217937469482421875e+02
2.214886627197265625e+02
2.211839752197265625e+02
2.208780059814453125e+02
2.205789489746093750e+02
2.202751312255859375e+02
2.199715118408203125e+02
2.196709899902343750e+02
2.193702392578125000e+02
2.190718078613281250e+02
2.187713775634765625e+02
2.184724426269531250e+02
2.181769104003906250e+02
2.178795318603515625e+02
2.175851593017578125e+02
2.172894897460937500e+02
2.169967651367187500e+02
2.167029724121093750e+02
2.164133605957031250e+02
2.161192779541015625e+02
2.158319702148437500e+02
2.155430297851562500e+02
2.152549743652343750e+02
2.149684143066406250e+02
2.146814575195312500e+02
2.143961791992187500e+02
2.141121520996093750e+02
2.138290405273437500e+02
2.135453796386718750e+02
2.132659912109375000e+02
2.129824523925781250e+02
2.127052764892578125e+02
2.124277954101562500e+02
2.121525421142578125e+02
2.118726196289062500e+02
2.115990600585937500e+02
2.113223419189453125e+02
2.110454711914062500e+02
2.107730712890625000e+02
2.105010375976562500e+02
2.102283325195312500e+02
2.099560852050781250e+02
2.096892852783203125e+02
2.094171142578125000e+02
2.091493377685546875e+02
2.088802490234375000e+02
2.086135253906250000e+02
2.083468017578125000e+02
2.080804138183593750e+02
2.078154754638671875e+02
2.075501556396484375e+02
2.072907104492187500e+02
2.070267791748046875e+02
2.067653503417968750e+02
2.065049438476562500e+02
2.062474365234375000e+02
2.059895172119140625e+02
2.057339477539062500e+02
2.054737091064453125e+02
2.052190246582031250e+02
2.049647216796875000e+02
2.047098846435546875e+02
2.044540710449218750e+02
2.042026062011718750e+02
2.039485473632812500e+02
2.036973876953125000e+02
2.034491577148437500e+02
2.031963500976562500e+02
2.029460601806640625e+02
2.026969909667968750e+02
2.024473876953125000e+02
2.022013244628906250e+02
2.019541168212890625e+02
2.017073211669921875e+02
2.014640960693359375e+02
2.012162475585937500e+02
2.009737396240234375e+02
2.007329406738281250e+02
2.004875793457031250e+02
2.002471008300781250e+02
2.000050201416015625e+02
1.997650756835937500e+02
1.995229187011718750e+02
1.992827606201171875e+02
1.990442199707031250e+02
1.988046875000000000e+02
1.985642852783203125e+02
1.983254241943359375e+02
1.980898742675781250e+02
1.978519897460937500e+02
1.976167449951171875e+02
1.973782958984375000e+02
1.971405181884765625e+02
1.969082641601562500e+02
1.966724700927734375e+02
1.964417724609375000e+02
1.962080993652343750e+02
1.959763336181640625e+02
1.957427062988281250e+02
1.955132141113281250e+02
1.952812042236328125e+02
1.950503997802734375e+02
1.948181152343750000e+02
1.945908203125000000e+02
1.943612976074218750e+02
1.941318054199218750e+02
1.939048156738281250e+02
1.936774291992187500e+02
1.934504089355468750e+02
1.932221374511718750e+02
1.929994049072265625e+02
1.927724609375000000e+02
1.925477600097656250e+02
1.923217926025390625e+02
1.920977783203125000e+02
1.918745269775390625e+02
1.916490325927734375e+02
1.914285430908203125e+02
1.912057952880859375e+02
1.909848327636718750e+02
1.907622070312500000e+02
1.905440216064453125e+02
1.903235321044921875e+02
1.901035308837890625e+02
1.898852844238281250e+02
1.896668395996093750e+02
1.894486083984375000e+02
1.892325897216796875e+02
1.890190124511718750e+02
1.888027801513671875e+02
1.885858459472656250e+02
1.883732604980468750e+02
1.881599121093750000e+02
1.879482421875000000e+02
1.877344512939453125e+02
1.875232238769531250e+02
1.873104248046875000e+02
1.871006927490234375e+02
1.868872070312500000e+02
1.866782989501953125e+02
1.864703369140625000e+02
1.862606811523437500e+02
1.860517578125000000e+02
1.858412170410156250e+02
1.856360168457031250e+02
1.854307861328125000e+02
1.852235107421875000e+02
1.850157775878906250e+02
1.848118591308593750e+02
1.846074371337890625e+02
1.844019165039062500e+02
1.841979675292968750e+02
1.839945068359375000e+02
1.837902832031250000e+02
1.835902557373046875e+02
1.833865203857421875e+02
1.831833648681640625e+02
1.829827880859375000e+02
1.827842712402343750e+02
1.825843048095703125e+02
1.823834838867187500e+02
1.821840667724609375e+02
1.819859313964843750e+02
1.817890930175781250e+02
1.815881500244140625e+02
1.813933715820312500e+02
1.811970062255859375e+02
1.809993896484375000e+02
1.808042297363281250e+02
1.806130523681640625e+02
1.804133300781250000e+02
1.802221374511718750e+02
1.800286865234375000e+02
1.798327331542968750e+02
1.796429443359375000e+02
1.794501037597656250e+02
1.792550201416015625e+02
1.790653381347656250e+02
1.788740234375000000e+02
1.786809539794921875e+02
1.784912872314453125e+02
1.782996368408203125e+02
1.781073455810546875e+02
1.779183044433593750e+02
1.777315826416015625e+02
1.775398254394531250e+02
1.773541259765625000e+02
1.771646728515625000e+02
1.769777832031250000e+02
1.767888488769531250e+02
1.766022338867187500e+02
1.764165496826171875e+02
1.762301635742187500e+02
1.760455627441406250e+02
1.758618927001953125e+02
1.756789855957031250e+02
1.754945831298828125e+02
1.753117523193359375e+02
1.751264038085937500e+02
1.749442901611328125e+02
1.747650604248046875e+02
1.745813598632812500e+02
1.743999786376953125e+02
1.742189941406250000e+02
1.740380706787109375e+02
1.738597106933593750e+02
1.736793518066406250e+02
1.735025024414062500e+02
1.733222045898437500e+02
1.731453399658203125e+02
1.729696350097656250e+02
1.727928161621093750e+02
1.726134033203125000e+02
1.724355163574218750e+02
1.722628631591796875e+02
1.720870971679687500e+02
1.719122619628906250e+02
1.717372741699218750e+02
1.715679321289062500e+02
1.713932342529296875e+02
1.712210693359375000e+02
1.710480041503906250e+02
1.708780670166015625e+02
1.707068176269531250e+02
1.705372314453125000e+02
1.703665618896484375e+02
1.701945953369140625e+02
1.700287475585937500e+02
1.698578796386718750e+02
1.696906127929687500e+02
1.695218505859375000e+02
1.693549804687500000e+02
1.691884460449218750e+02
1.690226135253906250e+02
1.688574829101562500e+02
1.686918487548828125e+02
1.685264587402343750e+02
1.683604431152343750e+02
1.681934204101562500e+02
1.680329895019531250e+02
1.678651733398437500e+02
1.677060852050781250e+02
1.675414428710937500e+02
1.673760070800781250e+02
1.672168731689453125e+02
1.670534515380859375e+02
1.668913116455078125e+02
1.667295227050781250e+02
1.665682678222656250e+02
1.664076232910156250e+02
1.662476501464843750e+02
1.660898742675781250e+02
1.659322662353515625e+02
1.657717285156250000e+02
1.656130828857421875e+02
1.654548645019531250e+02
1.652975769042968750e+02
1.651417541503906250e+02
1.649828338623046875e+02
1.648283996582031250e+02
1.646711730957031250e+02
1.645152740478515625e+02
1.643584442138671875e+02
1.642042694091796875e+02
1.640481109619140625e+02
1.638928070068359375e+02
1.637367858886718750e+02
1.635827026367187500e+02
1.634282836914062500e+02
1.632779083251953125e+02
1.631213531494140625e+02
1.629703063964843750e+02
1.628163452148437500e+02
1.626669006347656250e+02
1.625151672363281250e+02
1.623608703613281250e+02
1.622115020751953125e+02
1.620589599609375000e+02
1.619106597900390625e+02
1.617579803466796875e+02
1.616080474853515625e+02
1.614585723876953125e+02
1.613105468750000000e+02
1.611639404296875000e+02
1.610130615234375000e+02
1.608650207519531250e+02
1.607164764404296875e+02
1.605694885253906250e+02
1.604206695556640625e+02
1.602755126953125000e+02
1.601280212402343750e+02
1.599831237792968750e+02
1.598375244140625000e+02
1.596888427734375000e+02
1.595452728271484375e+02
1.593996276855468750e+02
1.592540435791015625e+02
1.591081542968750000e+02
1.589631195068359375e+02
1.588214111328125000e+02
1.586791229248046875e+02
1.585353698730468750e+02
1.583934936523437500e+02
1.582490234375000000e+02
1.581069641113281250e+02
1.579628906250000000e+02
1.578221130371093750e+02
1.576793365478515625e+02
1.575387878417968750e+02
1.573984527587890625e+02
1.572563171386718750e+02
1.571167297363281250e+02
1.569764404296875000e+02
1.568363189697265625e+02
1.566975860595703125e+02
1.565567474365234375e+02
1.564182739257812500e+02
1.562787475585937500e+02
1.561413879394531250e+02
