1.029940183040000000e+11
7.569201561600000000e+10
5.630300569600000000e+10
4.274422579200000000e+10
3.453287219200000000e+10
3.010383872000000000e+10
2.755921715200000000e+10
2.558283980800000000e+10
2.350692147200000000e+10
2.117857075200000000e+10
1.876847411200000000e+10
1.661448704000000000e+10
1.496205824000000000e+10
1.383056076800000000e+10
1.304631193600000000e+10
1.239979212800000000e+10
1.176401305600000000e+10
1.112720384000000000e+10
1.053844172800000000e+10
1.001740390400000000e+10
9.535056896000000000e+09
9.056355328000000000e+09
8.583069184000000000e+09
8.140457984000000000e+09
7.744256512000000000e+09
7.383553536000000000e+09
7.044376576000000000e+09
6.725740032000000000e+09
6.436075008000000000e+09
6.178660352000000000e+09
5.942893568000000000e+09
5.713593856000000000e+09
5.486297088000000000e+09
5.268552192000000000e+09
5.068541952000000000e+09
4.885313536000000000e+09
4.713285632000000000e+09
4.550046720000000000e+09
4.399102464000000000e+09
4.262594304000000000e+09
4.136043264000000000e+09
4.013306112000000000e+09
3.894371584000000000e+09
3.784055296000000000e+09
3.685282816000000000e+09
3.595095552000000000e+09
3.507710464000000000e+09
3.420855808000000000e+09
3.336877824000000000e+09
3.257825792000000000e+09
3.182538496000000000e+09
3.109419520000000000e+09
3.039282944000000000e+09
2.974289664000000000e+09
2.914543360000000000e+09
2.857737216000000000e+09
2.801712896000000000e+09
2.746347520000000000e+09
2.692897536000000000e+09
2.642381824000000000e+09
2.594866432000000000e+09
2.549644544000000000e+09
2.506187008000000000e+09
2.464113408000000000e+09
2.423027712000000000e+09
2.383141120000000000e+09
2.344517376000000000e+09
2.307276288000000000e+09
2.271471360000000000e+09
2.237174016000000000e+09
2.204494592000000000e+09
2.172866816000000000e+09
2.141811200000000000e+09
2.111209088000000000e+09
2.081564800000000000e+09
2.053117568000000000e+09
2.025678592000000000e+09
1.998959104000000000e+09
1.972802304000000000e+09
1.947259648000000000e+09
1.922522752000000000e+09
1.898458368000000000e+09
1.875058816000000000e+09
1.852304640000000000e+09
1.830129152000000000e+09
1.808416640000000000e+09
1.787255168000000000e+09
1.766714240000000000e+09
1.746686848000000000e+09
1.727143424000000000e+09
1.708043648000000000e+09
1.689415808000000000e+09
1.671214592000000000e+09
1.653412736000000000e+09
1.635996416000000000e+09
1.618967552000000000e+09
1.602331136000000000e+09
1.586024832000000000e+09
1.570018688000000000e+09
1.554371072000000000e+09
1.539080320000000000e+09
1.524082560000000000e+09
1.509387520000000000e+09
1.494981504000000000e+09
1.480833664000000000e+09
1.466942464000000000e+09
1.453318784000000000e+09
1.439923584000000000e+09
1.426799872000000000e+09
1.413951360000000000e+09
1.401320960000000000e+09
1.388929408000000000e+09
1.376710144000000000e+09
1.364780032000000000e+09
1.353018368000000000e+09
1.341442944000000000e+09
1.330051584000000000e+09
1.318823936000000000e+09
1.307807232000000000e+09
1.296951936000000000e+09
1.286278400000000000e+09
1.275778560000000000e+09
1.265443712000000000e+09
1.255264512000000000e+09
1.245235584000000000e+09
1.235379072000000000e+09
1.225661568000000000e+09
1.216082176000000000e+09
1.206666112000000000e+09
1.197394048000000000e+09
1.188224512000000000e+09
1.179224192000000000e+09
1.170349696000000000e+09
1.161600384000000000e+09
1.152989312000000000e+09
1.144497024000000000e+09
1.136131968000000000e+09
1.127857920000000000e+09
1.119694848000000000e+09
1.111660160000000000e+09
1.103703040000000000e+09
1.095865728000000000e+09
1.088144384000000000e+09
1.080493056000000000e+09
1.072989120000000000e+09
1.065582208000000000e+09
1.058275776000000000e+09
1.051079808000000000e+09
1.043967488000000000e+09
1.036944832000000000e+09
1.030012544000000000e+09
1.023195328000000000e+09
1.016462400000000000e+09
1.009803392000000000e+09
1.003226048000000000e+09
9.967294720000000000e+08
9.903240960000000000e+08
9.839626880000000000e+08
9.776718720000000000e+08
9.714901120000000000e+08
9.653687680000000000e+08
9.593032960000000000e+08
9.533267840000000000e+08
9.474170880000000000e+08
9.415765120000000000e+08
9.357868160000000000e+08
9.300741760000000000e+08
9.244243200000000000e+08
9.188356480000000000e+08
9.133105920000000000e+08
9.078604160000000000e+08
9.024508800000000000e+08
8.971229440000000000e+08
8.918403840000000000e+08
8.866081280000000000e+08
8.814476800000000000e+08
8.763479680000000000e+08
8.712930560000000000e+08
8.663044480000000000e+08
8.613631360000000000e+08
8.564735360000000000e+08
8.516526720000000000e+08
8.468560000000000000e+08
8.421203840000000000e+08
8.374259840000000000e+08
8.327895680000000000e+08
8.281920640000000000e+08
8.236476160000000000e+08
8.191502720000000000e+08
8.146845440000000000e+08
8.102801920000000000e+08
8.059036800000000000e+08
8.015841280000000000e+08
7.972906880000000000e+08
7.930516480000000000e+08
7.888606080000000000e+08
7.847102080000000000e+08
7.806074880000000000e+08
7.765317760000000000e+08
7.725169280000000000e+08
7.685248640000000000e+08
7.645825920000000000e+08
7.606677760000000000e+08
7.567991040000000000e+08
7.529477120000000000e+08
7.491477760000000000e+08
7.453803520000000000e+08
7.416564480000000000e+08
7.379518080000000000e+08
7.342856320000000000e+08
7.306538880000000000e+08
7.270571520000000000e+08
7.234858880000000000e+08
7.199587200000000000e+08
7.164485120000000000e+08
7.129888000000000000e+08
7.095397120000000000e+08
7.061390080000000000e+08
7.027755520000000000e+08
6.994248960000000000e+08
6.961166080000000000e+08
6.928257920000000000e+08
6.895788800000000000e+08
6.863464320000000000e+08
6.831424640000000000e+08
6.799638400000000000e+08
6.768229120000000000e+08
6.737073920000000000e+08
6.706176640000000000e+08
6.675514240000000000e+08
6.644984960000000000e+08
6.614906240000000000e+08
6.584880640000000000e+08
6.555305600000000000e+08
6.525832320000000000e+08
6.496630400000000000e+08
6.467677440000000000e+08
6.438979200000000000e+08
6.410588800000000000e+08
6.382234880000000000e+08
6.354374400000000000e+08
6.326560000000000000e+08
6.299038080000000000e+08
6.271722240000000000e+08
6.244669440000000000e+08
6.217694080000000000e+08
6.191014400000000000e+08
6.164610560000000000e+08
6.138335360000000000e+08
6.112372480000000000e+08
6.086510720000000000e+08
6.060913920000000000e+08
6.035415040000000000e+08
6.010154240000000000e+08
5.985281280000000000e+08
5.960356480000000000e+08
5.935747840000000000e+08
5.911291520000000000e+08
5.887080320000000000e+08
5.863026560000000000e+08
5.839146880000000000e+08
5.815509760000000000e+08
5.792036480000000000e+08
5.768774400000000000e+08
5.745736960000000000e+08
5.722822400000000000e+08
5.700167040000000000e+08
5.677692800000000000e+08
5.655297920000000000e+08
5.633151360000000000e+08
5.611058560000000000e+08
5.589169920000000000e+08
5.567461760000000000e+08
5.545888640000000000e+08
5.524563840000000000e+08
5.503261440000000000e+08
5.482259200000000000e+08
5.461465600000000000e+08
5.440701440000000000e+08
5.420106240000000000e+08
5.399754240000000000e+08
5.379449600000000000e+08
5.359307200000000000e+08
5.339461760000000000e+08
5.319672000000000000e+08
5.300006400000000000e+08
5.280474880000000000e+08
5.261169280000000000e+08
5.241978560000000000e+08
5.222925760000000000e+08
5.204001280000000000e+08
5.185174080000000000e+08
5.166599680000000000e+08
5.148044480000000000e+08
5.129729600000000000e+08
5.111468800000000000e+08
5.093306560000000000e+08
5.075362880000000000e+08
5.057552960000000000e+08
5.039840640000000000e+08
5.022241920000000000e+08
5.004796480000000000e+08
4.987404160000000000e+08
4.970208000000000000e+08
4.953065600000000000e+08
4.936037760000000000e+08
4.919113920000000000e+08
4.902366720000000000e+08
4.885793600000000000e+08
4.869161600000000000e+08
4.852805120000000000e+08
4.836477440000000000e+08
4.820308160000000000e+08
4.804177280000000000e+08
4.788236480000000000e+08
4.772399040000000000e+08
4.756542080000000000e+08
4.740935680000000000e+08
4.725386240000000000e+08
4.709946240000000000e+08
4.694662080000000000e+08
4.679431360000000000e+08
4.664327040000000000e+08
4.649260480000000000e+08
4.634371840000000000e+08
4.619511680000000000e+08
4.604899200000000000e+08
4.590183040000000000e+08
4.575714560000000000e+08
4.561276160000000000e+08
4.546942080000000000e+08
4.532649920000000000e+08
4.518602240000000000e+08
4.504515840000000000e+08
4.490470080000000000e+08
4.476577600000000000e+08
4.462832960000000000e+08
4.449092800000000000e+08
4.435438080000000000e+08
4.421965440000000000e+08
4.408450560000000000e+08
4.395100160000000000e+08
4.381794560000000000e+08
4.368554240000000000e+08
4.355463680000000000e+08
4.342400000000000000e+08
4.329416320000000000e+08
4.316500800000000000e+08
4.303665280000000000e+08
4.290902080000000000e+08
4.278342080000000000e+08
4.265727040000000000e+08
4.253227200000000000e+08
4.240784320000000000e+08
4.228482880000000000e+08
4.216184000000000000e+08
4.203955520000000000e+08
4.191880640000000000e+08
4.179756800000000000e+08
4.167811200000000000e+08
4.155831360000000000e+08
4.144024960000000000e+08
4.132183360000000000e+08
4.120452160000000000e+08
4.108803840000000000e+08
4.097186880000000000e+08
4.085648000000000000e+08
4.074162880000000000e+08
4.062783360000000000e+08
4.051451520000000000e+08
4.040153600000000000e+08
4.028973440000000000e+08
4.017867520000000000e+08
4.006726080000000000e+08
3.995733120000000000e+08
3.984796160000000000e+08
3.973956800000000000e+08
3.963142080000000000e+08
3.952462720000000000e+08
3.941795200000000000e+08
3.931113600000000000e+08
3.920593280000000000e+08
3.910077760000000000e+08
3.899639680000000000e+08
3.889315840000000000e+08
3.878979200000000000e+08
3.868718720000000000e+08
3.858470080000000000e+08
3.848384640000000000e+08
3.838288960000000000e+08
3.828277760000000000e+08
3.818370880000000000e+08
3.808422720000000000e+08
3.798518400000000000e+08
3.788705280000000000e+08
3.778993600000000000e+08
3.769339840000000000e+08
3.759694080000000000e+08
3.750093760000000000e+08
3.740495680000000000e+08
3.731031040000000000e+08
3.721509120000000000e+08
3.712098240000000000e+08
3.702784640000000000e+08
3.693454400000000000e+08
3.684166080000000000e+08
3.674983040000000000e+08
3.665859840000000000e+08
3.656662080000000000e+08
3.647685120000000000e+08
3.638661760000000000e+08
3.629757760000000000e+08
3.620852800000000000e+08
3.612033920000000000e+08
3.603194560000000000e+08
3.594451520000000000e+08
3.585795200000000000e+08
3.577115200000000000e+08
3.568513920000000000e+08
3.559926080000000000e+08
3.551363200000000000e+08
3.542927040000000000e+08
3.534460160000000000e+08
3.526129280000000000e+08
3.517741120000000000e+08
3.509453440000000000e+08
3.501193280000000000e+08
3.492937280000000000e+08
3.484729280000000000e+08
3.476600640000000000e+08
3.468516480000000000e+08
3.460413760000000000e+08
3.452416320000000000e+08
3.444427520000000000e+08
3.436482560000000000e+08
3.428614720000000000e+08
3.420720320000000000e+08
3.412942720000000000e+08
3.405184320000000000e+08
3.397452480000000000e+08
3.389794240000000000e+08
3.382113600000000000e+08
3.374479040000000000e+08
3.366907840000000000e+08
3.359376320000000000e+08
3.351851840000000000e+08
3.344388800000000000e+08
3.336942080000000000e+08
3.329536320000000000e+08
3.322153280000000000e+08
3.314827200000000000e+08
3.307521600000000000e+08
3.300232640000000000e+08
3.292997760000000000e+08
3.285856000000000000e+08
3.278660160000000000e+08
3.271482880000000000e+08
3.264396480000000000e+08
3.257352640000000000e+08
3.250296960000000000e+08
3.243278720000000000e+08
3.236296960000000000e+08
3.229344640000000000e+08
3.222464320000000000e+08
3.215578560000000000e+08
3.208738240000000000e+08
3.201920320000000000e+08
3.195146880000000000e+08
3.188370560000000000e+08
3.181656960000000000e+08
3.174963840000000000e+08
3.168307520000000000e+08
3.161673280000000000e+08
3.155079040000000000e+08
3.148512320000000000e+08
3.141981760000000000e+08
3.135517760000000000e+08
3.129048640000000000e+08
3.122585600000000000e+08
3.116208000000000000e+08
3.109828480000000000e+08
3.103447040000000000e+08
3.097144960000000000e+08
3.090852480000000000e+08
3.084554240000000000e+08
3.078309120000000000e+08
3.072110720000000000e+08
3.065926080000000000e+08
3.059736000000000000e+08
3.053566400000000000e+08
3.047429440000000000e+08
3.041359360000000000e+08
3.035288960000000000e+08
3.029225600000000000e+08
3.023247040000000000e+08
3.017233920000000000e+08
3.011336000000000000e+08
3.005380480000000000e+08
2.999492480000000000e+08
2.993636480000000000e+08
2.987815360000000000e+08
2.982023040000000000e+08
2.976216960000000000e+08
2.970442240000000000e+08
2.964724480000000000e+08
2.958969920000000000e+08
2.953270720000000000e+08
2.947612480000000000e+08
2.941979840000000000e+08
2.936304960000000000e+08
2.930695360000000000e+08
2.925159360000000000e+08
2.919555200000000000e+08
2.914026880000000000e+08
2.908506880000000000e+08
2.902995200000000000e+08
2.897482240000000000e+08
2.892028800000000000e+08
2.886541760000000000e+08
2.881120640000000000e+08
2.875693440000000000e+08
2.870311360000000000e+08
2.864927680000000000e+08
2.859568000000000000e+08
2.854209280000000000e+08
2.848919680000000000e+08
2.843641920000000000e+08
2.838348480000000000e+08
2.833077760000000000e+08
2.827817920000000000e+08
2.822627840000000000e+08
2.817444480000000000e+08
2.812293440000000000e+08
2.807091520000000000e+08
2.801950400000000000e+08
2.796862400000000000e+08
2.791771200000000000e+08
2.786654080000000000e+08
2.781555200000000000e+08
2.776565120000000000e+08
2.771527360000000000e+08
2.766510720000000000e+08
2.761517440000000000e+08
2.756571200000000000e+08
2.751661440000000000e+08
2.746735680000000000e+08
2.741832960000000000e+08
2.736891200000000000e+08
2.732022720000000000e+08
2.727211520000000000e+08
2.722392960000000000e+08
2.717553280000000000e+08
2.712772480000000000e+08
2.707984320000000000e+08
2.703262720000000000e+08
2.698512320000000000e+08
2.693736320000000000e+08
2.689038400000000000e+08
2.684302080000000000e+08
2.679655360000000000e+08
2.674981120000000000e+08
2.670323200000000000e+08
2.665716800000000000e+08
2.661055200000000000e+08
2.656492800000000000e+08
2.651867360000000000e+08
2.647328320000000000e+08
2.642771680000000000e+08
2.638235360000000000e+08
2.633711520000000000e+08
2.629212000000000000e+08
2.624731360000000000e+08
2.620268800000000000e+08
2.615767680000000000e+08
2.611364320000000000e+08
2.606939840000000000e+08
2.602597120000000000e+08
2.598185600000000000e+08
2.593852480000000000e+08
2.589535520000000000e+08
2.585242880000000000e+08
2.580937920000000000e+08
2.576666400000000000e+08
2.572398560000000000e+08
2.568142880000000000e+08
2.563897760000000000e+08
2.559735040000000000e+08
2.555495040000000000e+08
2.551326560000000000e+08
2.547178720000000000e+08
2.543020320000000000e+08
2.538899520000000000e+08
2.534796480000000000e+08
2.530687840000000000e+08
2.526605760000000000e+08
2.522524320000000000e+08
2.518446880000000000e+08
2.514373920000000000e+08
2.510385920000000000e+08
2.506366880000000000e+08
2.502382240000000000e+08
2.498356160000000000e+08
2.494383040000000000e+08
2.490474400000000000e+08
2.486499360000000000e+08
2.482558720000000000e+08
2.478664800000000000e+08
2.474767680000000000e+08
2.470909120000000000e+08
2.467042560000000000e+08
2.463183040000000000e+08
2.459364640000000000e+08
2.455552320000000000e+08
2.451724800000000000e+08
2.447914240000000000e+08
2.444134720000000000e+08
2.440381280000000000e+08
2.436620960000000000e+08
2.432884160000000000e+08
2.429128960000000000e+08
2.425434400000000000e+08
2.421742240000000000e+08
2.418045600000000000e+08
2.414388160000000000e+08
2.410744640000000000e+08
2.407080800000000000e+08
2.403459520000000000e+08
2.399819840000000000e+08
2.396208640000000000e+08
2.392601280000000000e+08
2.389024160000000000e+08
2.385418400000000000e+08
2.381864480000000000e+08
2.378296960000000000e+08
2.374755360000000000e+08
2.371206240000000000e+08
2.367663840000000000e+08
2.364152000000000000e+08
2.360604480000000000e+08
2.357147040000000000e+08
2.353676000000000000e+08
2.350173760000000000e+08
2.346755680000000000e+08
2.343303840000000000e+08
2.339858080000000000e+08
2.336422080000000000e+08
2.333050560000000000e+08
2.329645440000000000e+08
2.326253920000000000e+08
2.322890720000000000e+08
2.319566080000000000e+08
2.316177760000000000e+08
2.312857280000000000e+08
2.309532960000000000e+08
2.306207360000000000e+08
2.302918240000000000e+08
2.299640320000000000e+08
2.296350080000000000e+08
2.293087360000000000e+08
2.289800640000000000e+08
2.286574240000000000e+08
2.283350880000000000e+08
2.280095520000000000e+08
2.276900640000000000e+08
2.273709440000000000e+08
2.270517280000000000e+08
2.267301440000000000e+08
2.264128320000000000e+08
2.260969440000000000e+08
2.257798720000000000e+08
2.254684320000000000e+08
2.251552800000000000e+08
2.248421920000000000e+08
2.245309280000000000e+08
2.242203200000000000e+08
2.239074240000000000e+08
2.235964160000000000e+08
2.232882400000000000e+08
2.229788160000000000e+08
2.226731680000000000e+08
2.223635520000000000e+08
2.220612640000000000e+08
2.217562080000000000e+08
2.214515360000000000e+08
2.211456000000000000e+08
2.208465760000000000e+08
2.205428000000000000e+08
2.202392000000000000e+08
2.199387200000000000e+08
2.196379840000000000e+08
2.193395840000000000e+08
2.190391840000000000e+08
2.187402880000000000e+08
2.184447840000000000e+08
2.181474400000000000e+08
2.178530720000000000e+08
2.175574400000000000e+08
2.172647520000000000e+08
2.169709920000000000e+08
2.166814080000000000e+08
2.163873600000000000e+08
2.161000800000000000e+08
2.158111680000000000e+08
2.155231520000000000e+08
2.152366240000000000e+08
2.149496800000000000e+08
2.146644320000000000e+08
2.143804480000000000e+08
2.140973600000000000e+08
2.138137280000000000e+08
2.135343680000000000e+08
2.132508640000000000e+08
2.129737280000000000e+08
2.126962560000000000e+08
2.124210400000000000e+08
2.121411520000000000e+08
2.118676160000000000e+08
2.115909280000000000e+08
2.113140960000000000e+08
2.110417280000000000e+08
2.107697280000000000e+08
2.104970560000000000e+08
2.102248320000000000e+08
2.099580640000000000e+08
2.096859360000000000e+08
2.094181760000000000e+08
2.091491200000000000e+08
2.088824160000000000e+08
2.086157280000000000e+08
2.083493760000000000e+08
2.080844640000000000e+08
2.078191840000000000e+08
2.075597600000000000e+08
2.072958720000000000e+08
2.070344480000000000e+08
2.067740800000000000e+08
2.065166080000000000e+08
2.062587200000000000e+08
2.060031840000000000e+08
2.057429760000000000e+08
2.054883040000000000e+08
2.052340320000000000e+08
2.049792320000000000e+08
2.047234400000000000e+08
2.044720160000000000e+08
2.042179840000000000e+08
2.039668480000000000e+08
2.037186400000000000e+08
2.034658720000000000e+08
2.032156160000000000e+08
2.029665600000000000e+08
2.027169920000000000e+08
2.024709600000000000e+08
2.022237760000000000e+08
2.019770080000000000e+08
2.017338080000000000e+08
2.014859840000000000e+08
2.012435200000000000e+08
2.010027520000000000e+08
2.007574080000000000e+08
2.005169600000000000e+08
2.002749120000000000e+08
2.000349920000000000e+08
1.997928480000000000e+08
1.995527360000000000e+08
1.993142240000000000e+08
1.990747200000000000e+08
1.988343360000000000e+08
1.985955040000000000e+08
1.983599680000000000e+08
1.981221280000000000e+08
1.978869120000000000e+08
1.976484800000000000e+08
1.974107360000000000e+08
1.971785120000000000e+08
1.969427360000000000e+08
1.967120800000000000e+08
1.964784320000000000e+08
1.962466880000000000e+08
1.960130880000000000e+08
1.957836320000000000e+08
1.955516480000000000e+08
1.953208640000000000e+08
1.950886080000000000e+08
1.948613440000000000e+08
1.946318560000000000e+08
1.944023840000000000e+08
1.941754240000000000e+08
1.939480640000000000e+08
1.937210720000000000e+08
1.934928320000000000e+08
1.932701280000000000e+08
1.930432000000000000e+08
1.928185280000000000e+08
1.925925760000000000e+08
1.923685920000000000e+08
1.921453760000000000e+08
1.919199040000000000e+08
1.916994400000000000e+08
1.914767200000000000e+08
1.912557920000000000e+08
1.910331840000000000e+08
1.908150240000000000e+08
1.905945600000000000e+08
1.903745920000000000e+08
1.901563680000000000e+08
1.899379360000000000e+08
1.897197440000000000e+08
1.895037440000000000e+08
1.892901920000000000e+08
1.890740000000000000e+08
1.888570720000000000e+08
1.886445280000000000e+08
1.884312000000000000e+08
1.882195520000000000e+08
1.880057920000000000e+08
1.877945760000000000e+08
1.875818240000000000e+08
1.873720960000000000e+08
1.871586400000000000e+08
1.869497600000000000e+08
1.867418240000000000e+08
1.865321920000000000e+08
1.863232960000000000e+08
1.861127840000000000e+08
1.859076000000000000e+08
1.857024000000000000e+08
1.854951360000000000e+08
1.852874400000000000e+08
1.850835520000000000e+08
1.848791520000000000e+08
1.846736640000000000e+08
1.844697280000000000e+08
1.842663040000000000e+08
1.840620960000000000e+08
1.838620960000000000e+08
1.836583840000000000e+08
1.834552480000000000e+08
1.832547040000000000e+08
1.830562080000000000e+08
1.828562720000000000e+08
1.826554720000000000e+08
1.824560800000000000e+08
1.822579680000000000e+08
1.820611520000000000e+08
1.818602400000000000e+08
1.816654880000000000e+08
1.814691520000000000e+08
1.812715520000000000e+08
1.810764160000000000e+08
1.808852640000000000e+08
1.806855680000000000e+08
1.804944000000000000e+08
1.803009760000000000e+08
1.801050400000000000e+08
1.799152800000000000e+08
1.797224480000000000e+08
1.795273920000000000e+08
1.793377440000000000e+08
1.791464480000000000e+08
1.789534080000000000e+08
1.787637600000000000e+08
1.785721280000000000e+08
1.783798720000000000e+08
1.781908480000000000e+08
1.780041600000000000e+08
1.778124160000000000e+08
1.776267520000000000e+08
1.774373120000000000e+08
1.772504480000000000e+08
1.770615360000000000e+08
1.768749440000000000e+08
1.766892800000000000e+08
1.765029280000000000e+08
1.763183520000000000e+08
1.761347040000000000e+08
1.759518240000000000e+08
1.757674240000000000e+08
1.755846400000000000e+08
1.753992960000000000e+08
1.752172160000000000e+08
1.750380000000000000e+08
1.748543360000000000e+08
1.746729760000000000e+08
1.744920160000000000e+08
1.743111040000000000e+08
1.741327840000000000e+08
1.739524320000000000e+08
1.737756000000000000e+08
1.735953440000000000e+08
1.734184960000000000e+08
1.732428160000000000e+08
1.730660160000000000e+08
1.728866400000000000e+08
1.727087680000000000e+08
1.725361280000000000e+08
1.723604000000000000e+08
1.721855840000000000e+08
1.720106240000000000e+08
1.718412960000000000e+08
1.716666240000000000e+08
1.714944960000000000e+08
1.713214400000000000e+08
1.711515200000000000e+08
1.709803040000000000e+08
1.708107360000000000e+08
1.706400960000000000e+08
1.704681440000000000e+08
1.703023200000000000e+08
1.701314720000000000e+08
1.699642240000000000e+08
1.697955040000000000e+08
1.696286400000000000e+08
1.694621280000000000e+08
1.692963200000000000e+08
1.691312160000000000e+08
1.689656160000000000e+08
1.688002400000000000e+08
1.686342400000000000e+08
1.684672480000000000e+08
1.683068320000000000e+08
1.681390400000000000e+08
1.679799680000000000e+08
1.678153440000000000e+08
1.676499360000000000e+08
1.674908320000000000e+08
1.673274400000000000e+08
1.671653120000000000e+08
1.670035520000000000e+08
1.668423200000000000e+08
1.666816800000000000e+08
1.665217440000000000e+08
1.663639840000000000e+08
1.662064000000000000e+08
1.660458880000000000e+08
1.658872640000000000e+08
1.657290720000000000e+08
1.655718080000000000e+08
1.654160000000000000e+08
1.652571040000000000e+08
1.651026880000000000e+08
1.649454880000000000e+08
1.647896160000000000e+08
1.646328160000000000e+08
1.644786560000000000e+08
1.643225120000000000e+08
1.641672320000000000e+08
1.640112320000000000e+08
1.638571840000000000e+08
1.637027840000000000e+08
1.635524160000000000e+08
1.633959040000000000e+08
1.632448640000000000e+08
1.630909440000000000e+08
1.629415040000000000e+08
1.627898080000000000e+08
1.626355200000000000e+08
1.624861760000000000e+08
1.623336480000000000e+08
1.621853760000000000e+08
1.620327200000000000e+08
1.618828000000000000e+08
1.617333600000000000e+08
1.615853440000000000e+08
1.614387520000000000e+08
1.612879040000000000e+08
1.611398880000000000e+08
1.609913600000000000e+08
1.608444000000000000e+08
1.606956000000000000e+08
1.605504640000000000e+08
1.604029920000000000e+08
1.602581120000000000e+08
1.601125280000000000e+08
1.599638880000000000e+08
1.598203360000000000e+08
1.596747040000000000e+08
1.595291520000000000e+08
1.593832800000000000e+08
1.592382560000000000e+08
1.590965600000000000e+08
1.589543040000000000e+08
1.588105760000000000e+08
1.586687040000000000e+08
1.585242720000000000e+08
1.583822240000000000e+08
1.582381760000000000e+08
1.580974240000000000e+08
1.579546720000000000e+08
1.578141440000000000e+08
1.576738240000000000e+08
1.575317120000000000e+08
1.573921440000000000e+08
1.572518880000000000e+08
1.571117760000000000e+08
1.569730720000000000e+08
1.568322560000000000e+08
1.566937920000000000e+08
1.565543040000000000e+08
1.564169600000000000e+08
