1.216312500000000000e+06
8.411030000000000000e+05
5.882161875000000000e+05
4.231917812500000000e+05
3.182052500000000000e+05
2.525111093750000000e+05
2.116693906250000000e+05
1.859989375000000000e+05
1.691573125000000000e+05
1.572066250000000000e+05
1.477755468750000000e+05
1.394909375000000000e+05
1.315916093750000000e+05
1.237536406250000000e+05
1.158988281250000000e+05
1.081217968750000000e+05
1.006122500000000000e+05
9.358398437500000000e+04
8.723009375000000000e+04
8.169335156250000000e+04
7.703621093750000000e+04
7.321172656250000000e+04
7.008582031250000000e+04
6.745780468750000000e+04
6.510566406250000000e+04
6.283262890625000000e+04
6.050500390625000000e+04
5.807067968750000000e+04
5.554591015625000000e+04
5.299496875000000000e+04
5.049143359375000000e+04
4.812076562500000000e+04
4.593897656250000000e+04
4.398499609375000000e+04
4.225709765625000000e+04
4.072755468750000000e+04
3.936327734375000000e+04
3.812716406250000000e+04
3.697604296875000000e+04
3.587733593750000000e+04
3.480914062500000000e+04
3.376045312500000000e+04
3.273264062500000000e+04
3.173499218750000000e+04
3.077707421875000000e+04
2.987099023437500000e+04
2.902469335937500000e+04
2.823891601562500000e+04
2.751092382812500000e+04
2.683279296875000000e+04
2.619300976562500000e+04
2.557923437500000000e+04
2.498110351562500000e+04
2.439184765625000000e+04
2.381006445312500000e+04
2.323679296875000000e+04
2.267640820312500000e+04
2.213420898437500000e+04
2.161476757812500000e+04
2.111946093750000000e+04
2.064868750000000000e+04
2.020056640625000000e+04
1.977197265625000000e+04
1.935977148437500000e+04
1.896075781250000000e+04
1.857287500000000000e+04
1.819604101562500000e+04
1.783014257812500000e+04
1.747658398437500000e+04
1.713574414062500000e+04
1.680755859375000000e+04
1.649183789062500000e+04
1.618756445312500000e+04
1.589370312500000000e+04
1.560884277343750000e+04
1.533150683593750000e+04
1.506137207031250000e+04
1.479783398437500000e+04
1.454093261718750000e+04
1.429086523437500000e+04
1.404761132812500000e+04
1.381167089843750000e+04
1.358291015625000000e+04
1.336083886718750000e+04
1.314484472656250000e+04
1.293488671875000000e+04
1.273029003906250000e+04
1.253087304687500000e+04
1.233631542968750000e+04
1.214650097656250000e+04
1.196141796875000000e+04
1.178109570312500000e+04
1.160550976562500000e+04
1.143457617187500000e+04
1.126784570312500000e+04
1.110525488281250000e+04
1.094623046875000000e+04
1.079064160156250000e+04
1.063868750000000000e+04
1.048999511718750000e+04
1.034477539062500000e+04
1.020282714843750000e+04
1.006434472656250000e+04
9.928848632812500000e+03
9.796474609375000000e+03
9.667049804687500000e+03
9.540450195312500000e+03
9.416667968750000000e+03
9.295556640625000000e+03
9.177124023437500000e+03
9.061144531250000000e+03
8.947875976562500000e+03
8.837020507812500000e+03
8.728468750000000000e+03
8.622490234375000000e+03
8.518667968750000000e+03
8.416943359375000000e+03
8.317333984375000000e+03
8.219815429687500000e+03
8.124153808593750000e+03
8.030582031250000000e+03
7.938779785156250000e+03
7.849074218750000000e+03
7.761083984375000000e+03
7.674847656250000000e+03
7.590223144531250000e+03
7.507436035156250000e+03
7.426088867187500000e+03
7.346467773437500000e+03
7.268280761718750000e+03
7.191616699218750000e+03
7.116430175781250000e+03
7.042740234375000000e+03
6.970442871093750000e+03
6.899463378906250000e+03
6.829874511718750000e+03
6.761500976562500000e+03
6.694388671875000000e+03
6.628257812500000000e+03
6.563467285156250000e+03
6.499774414062500000e+03
6.437131347656250000e+03
6.375632812500000000e+03
6.315204101562500000e+03
6.255716796875000000e+03
6.197262695312500000e+03
6.139799316406250000e+03
6.083295898437500000e+03
6.027849121093750000e+03
5.973264160156250000e+03
5.919617187500000000e+03
5.866816894531250000e+03
5.814993164062500000e+03
5.764054199218750000e+03
5.713916503906250000e+03
5.664553222656250000e+03
5.616028808593750000e+03
5.568280273437500000e+03
5.521301757812500000e+03
5.475093261718750000e+03
5.429597656250000000e+03
5.384819335937500000e+03
5.340672363281250000e+03
5.297317871093750000e+03
5.254617187500000000e+03
5.212566406250000000e+03
5.171163085937500000e+03
5.130336914062500000e+03
5.090182128906250000e+03
5.050564453125000000e+03
5.011543457031250000e+03
4.973173339843750000e+03
4.935263671875000000e+03
4.898010742187500000e+03
4.861320312500000000e+03
4.825143554687500000e+03
4.789499511718750000e+03
4.754316894531250000e+03
4.719628906250000000e+03
4.685521972656250000e+03
4.651890625000000000e+03
4.618677246093750000e+03
4.586033203125000000e+03
4.553822265625000000e+03
4.522020507812500000e+03
4.490703125000000000e+03
4.459766601562500000e+03
4.429356933593750000e+03
4.399299316406250000e+03
4.369713378906250000e+03
4.340464843750000000e+03
4.311640625000000000e+03
4.283205566406250000e+03
4.255102050781250000e+03
4.227422363281250000e+03
4.200044921875000000e+03
4.173119140625000000e+03
4.146451171875000000e+03
4.120158691406250000e+03
4.094234130859375000e+03
4.068601806640625000e+03
4.043293457031250000e+03
4.018280029296875000e+03
3.993682373046875000e+03
3.969358154296875000e+03
3.945308349609375000e+03
3.921544921875000000e+03
3.898120117187500000e+03
3.874861328125000000e+03
3.851945068359375000e+03
3.829316894531250000e+03
3.807007324218750000e+03
3.784943847656250000e+03
3.763110595703125000e+03
3.741627685546875000e+03
3.720314941406250000e+03
3.699295410156250000e+03
3.678545410156250000e+03
3.657989257812500000e+03
3.637673095703125000e+03
3.617550048828125000e+03
3.597719726562500000e+03
3.578060058593750000e+03
3.558667480468750000e+03
3.539427246093750000e+03
3.520427978515625000e+03
3.501616455078125000e+03
3.483016601562500000e+03
3.464630126953125000e+03
3.446408935546875000e+03
3.428356445312500000e+03
3.410460693359375000e+03
3.392844970703125000e+03
3.375342041015625000e+03
3.358053222656250000e+03
3.340931884765625000e+03
3.323951904296875000e+03
3.307166015625000000e+03
3.290583984375000000e+03
3.274114501953125000e+03
3.257895996093750000e+03
3.241751220703125000e+03
3.225775146484375000e+03
3.209972656250000000e+03
3.194288330078125000e+03
3.178779785156250000e+03
3.163427246093750000e+03
3.148184570312500000e+03
3.133119140625000000e+03
3.118166748046875000e+03
3.103380615234375000e+03
3.088682128906250000e+03
3.074245605468750000e+03
3.059843994140625000e+03
3.045594482421875000e+03
3.031462402343750000e+03
3.017493164062500000e+03
3.003602050781250000e+03
2.989894531250000000e+03
2.976280273437500000e+03
2.962781494140625000e+03
2.949461425781250000e+03
2.936233642578125000e+03
2.923107910156250000e+03
2.910125976562500000e+03
2.897247070312500000e+03
2.884495849609375000e+03
2.871841796875000000e+03
2.859336914062500000e+03
2.846889892578125000e+03
2.834540771484375000e+03
2.822336425781250000e+03
2.810192382812500000e+03
2.798220214843750000e+03
2.786301757812500000e+03
2.774458496093750000e+03
2.762767822265625000e+03
2.751142333984375000e+03
2.739596191406250000e+03
2.728156005859375000e+03
2.716795410156250000e+03
2.705535888671875000e+03
2.694379638671875000e+03
2.683290527343750000e+03
2.672306152343750000e+03
2.661442626953125000e+03
2.650635498046875000e+03
2.639884765625000000e+03
2.629245117187500000e+03
2.618698242187500000e+03
2.608239746093750000e+03
2.597843750000000000e+03
2.587564453125000000e+03
2.577375732421875000e+03
2.567225341796875000e+03
2.557195312500000000e+03
2.547213623046875000e+03
2.537331542968750000e+03
2.527491210937500000e+03
2.517749511718750000e+03
2.508097167968750000e+03
2.498479492187500000e+03
2.488976318359375000e+03
2.479503173828125000e+03
2.470109130859375000e+03
2.460798339843750000e+03
2.451527832031250000e+03
2.442347167968750000e+03
2.433234130859375000e+03
2.424168457031250000e+03
2.415158203125000000e+03
2.406262207031250000e+03
2.397383056640625000e+03
2.388575683593750000e+03
2.379843994140625000e+03
2.371167480468750000e+03
2.362510986328125000e+03
2.353960693359375000e+03
2.345418457031250000e+03
2.336957519531250000e+03
2.328563720703125000e+03
2.320208740234375000e+03
2.311911865234375000e+03
2.303661621093750000e+03
2.295465332031250000e+03
2.287298095703125000e+03
2.279215820312500000e+03
2.271163085937500000e+03
2.263154785156250000e+03
2.255203369140625000e+03
2.247308105468750000e+03
2.239484863281250000e+03
2.231678466796875000e+03
2.223941894531250000e+03
2.216265625000000000e+03
2.208645263671875000e+03
2.201037109375000000e+03
2.193503417968750000e+03
2.186024902343750000e+03
2.178583984375000000e+03
2.171198730468750000e+03
2.163841796875000000e+03
2.156570556640625000e+03
2.149309814453125000e+03
2.142126464843750000e+03
2.134950439453125000e+03
2.127843261718750000e+03
2.120794189453125000e+03
2.113769775390625000e+03
2.106836914062500000e+03
2.099903808593750000e+03
2.093043701171875000e+03
2.086221679687500000e+03
2.079419677734375000e+03
2.072689941406250000e+03
2.066018066406250000e+03
2.059350830078125000e+03
2.052762451171875000e+03
2.046182617187500000e+03
2.039645507812500000e+03
2.033180053710937500e+03
2.026711791992187500e+03
2.020296020507812500e+03
2.013919555664062500e+03
2.007604003906250000e+03
2.001305175781250000e+03
1.995037109375000000e+03
1.988832275390625000e+03
1.982623046875000000e+03
1.976480834960937500e+03
1.970371704101562500e+03
1.964288452148437500e+03
1.958241699218750000e+03
1.952227783203125000e+03
1.946248901367187500e+03
1.940315795898437500e+03
1.934426513671875000e+03
1.928527221679687500e+03
1.922707885742187500e+03
1.916889648437500000e+03
1.911105102539062500e+03
1.905376953125000000e+03
1.899675415039062500e+03
1.893997070312500000e+03
1.888350830078125000e+03
1.882718994140625000e+03
1.877108398437500000e+03
1.871554077148437500e+03
1.866039672851562500e+03
1.860527343750000000e+03
1.855083740234375000e+03
1.849595336914062500e+03
1.844210327148437500e+03
1.838817749023437500e+03
1.833461669921875000e+03
1.828144409179687500e+03
1.822859130859375000e+03
1.817557250976562500e+03
1.812309448242187500e+03
1.807080810546875000e+03
1.801888061523437500e+03
1.796724731445312500e+03
1.791583740234375000e+03
1.786471923828125000e+03
1.781358764648437500e+03
1.776299560546875000e+03
1.771266967773437500e+03
1.766247802734375000e+03
1.761240600585937500e+03
1.756287597656250000e+03
1.751336791992187500e+03
1.746428710937500000e+03
1.741526611328125000e+03
1.736643798828125000e+03
1.731774536132812500e+03
1.726977294921875000e+03
1.722162109375000000e+03
1.717383666992187500e+03
1.712600219726562500e+03
1.707886962890625000e+03
1.703160034179687500e+03
1.698464843750000000e+03
1.693803588867187500e+03
1.689154785156250000e+03
1.684530151367187500e+03
1.679931640625000000e+03
1.675335327148437500e+03
1.670785888671875000e+03
1.666245117187500000e+03
1.661726440429687500e+03
1.657231689453125000e+03
1.652757690429687500e+03
1.648303222656250000e+03
1.643864746093750000e+03
1.639464233398437500e+03
1.635074829101562500e+03
1.630711547851562500e+03
1.626355590820312500e+03
1.622025878906250000e+03
1.617715698242187500e+03
1.613441162109375000e+03
1.609159179687500000e+03
1.604913085937500000e+03
1.600693237304687500e+03
1.596483032226562500e+03
1.592298339843750000e+03
1.588119140625000000e+03
1.583982666015625000e+03
1.579858520507812500e+03
1.575720458984375000e+03
1.571649169921875000e+03
1.567545654296875000e+03
1.563510375976562500e+03
1.559473144531250000e+03
1.555453735351562500e+03
1.551460815429687500e+03
1.547478149414062500e+03
1.543500732421875000e+03
1.539570068359375000e+03
1.535641723632812500e+03
1.531743652343750000e+03
1.527875976562500000e+03
1.523971923828125000e+03
1.520137329101562500e+03
1.516298339843750000e+03
1.512466308593750000e+03
1.508681518554687500e+03
1.504897460937500000e+03
1.501150024414062500e+03
1.497395629882812500e+03
1.493665893554687500e+03
1.489960327148437500e+03
1.486263183593750000e+03
1.482581420898437500e+03
1.478916748046875000e+03
1.475259521484375000e+03
1.471639038085937500e+03
1.468009643554687500e+03
1.464421875000000000e+03
1.460824951171875000e+03
1.457252807617187500e+03
1.453706665039062500e+03
1.450164794921875000e+03
1.446636596679687500e+03
1.443145141601562500e+03
1.439646606445312500e+03
1.436182739257812500e+03
1.432726074218750000e+03
1.429273559570312500e+03
1.425832275390625000e+03
1.422424316406250000e+03
1.418997314453125000e+03
1.415619506835937500e+03
1.412234497070312500e+03
1.408883056640625000e+03
1.405533325195312500e+03
1.402186645507812500e+03
1.398878906250000000e+03
1.395582397460937500e+03
1.392280761718750000e+03
