3.112321250000000000e+05
1.202028750000000000e+05
1.163745312500000000e+05
1.048990078125000000e+05
8.979890625000000000e+04
7.620282031250000000e+04
6.460757031250000000e+04
5.498984765625000000e+04
4.701050000000000000e+04
4.059217187500000000e+04
3.535136328125000000e+04
3.097944531250000000e+04
2.730656640625000000e+04
2.411808593750000000e+04
2.132762695312500000e+04
1.908187890625000000e+04
1.727529492187500000e+04
1.551537304687500000e+04
1.388739941406250000e+04
1.251644335937500000e+04
1.123835937500000000e+04
1.006445117187500000e+04
8.998697265625000000e+03
8.079477050781250000e+03
7.297306152343750000e+03
6.580935546875000000e+03
5.930081542968750000e+03
5.281003906250000000e+03
4.732562500000000000e+03
4.263943847656250000e+03
3.852233886718750000e+03
3.458556640625000000e+03
3.110498779296875000e+03
2.804624511718750000e+03
2.524730224609375000e+03
2.282739990234375000e+03
2.078336425781250000e+03
1.887976562500000000e+03
1.710366088867187500e+03
1.558471313476562500e+03
1.429895019531250000e+03
1.305667724609375000e+03
1.197578369140625000e+03
1.093625976562500000e+03
1.000531555175781250e+03
9.213389282226562500e+02
8.461245117187500000e+02
7.781484375000000000e+02
7.192279663085937500e+02
6.629049072265625000e+02
6.132604370117187500e+02
5.696394042968750000e+02
5.278059692382812500e+02
4.860655517578125000e+02
4.525137939453125000e+02
4.244477844238281250e+02
3.954197998046875000e+02
3.692712097167968750e+02
3.452582397460937500e+02
3.247455749511718750e+02
3.044591674804687500e+02
2.852731628417968750e+02
2.695758666992187500e+02
2.553724365234375000e+02
2.429980010986328125e+02
2.292944793701171875e+02
2.167971038818359375e+02
2.059778289794921875e+02
1.958890991210937500e+02
1.865670776367187500e+02
1.784504852294921875e+02
1.706689605712890625e+02
1.632233276367187500e+02
1.562540893554687500e+02
1.501195983886718750e+02
1.439611358642578125e+02
1.384044952392578125e+02
1.331808319091796875e+02
1.284074401855468750e+02
1.235575866699218750e+02
1.194654159545898438e+02
1.154726715087890625e+02
1.117387008666992188e+02
1.081281661987304688e+02
1.048164672851562500e+02
1.017402954101562500e+02
9.879313659667968750e+01
9.591093444824218750e+01
9.334137725830078125e+01
9.079290008544921875e+01
8.840895080566406250e+01
8.617848968505859375e+01
8.416993713378906250e+01
8.232236480712890625e+01
8.066451263427734375e+01
7.917063903808593750e+01
7.808390045166015625e+01
7.682685089111328125e+01
7.521677398681640625e+01
7.303807067871093750e+01
7.055702972412109375e+01
6.869187927246093750e+01
6.808367919921875000e+01
6.800984191894531250e+01
6.754625701904296875e+01
6.576576995849609375e+01
6.297344589233398438e+01
6.108636856079101562e+01
6.109866333007812500e+01
6.115057373046875000e+01
5.981426239013671875e+01
5.788219451904296875e+01
5.752764129638671875e+01
5.973823165893554688e+01
6.064412307739257812e+01
5.840084838867187500e+01
5.393033599853515625e+01
5.349194717407226562e+01
5.500753402709960938e+01
5.244262695312500000e+01
5.082905960083007812e+01
5.100392532348632812e+01
5.058448028564453125e+01
4.982503509521484375e+01
5.000272750854492188e+01
5.008948898315429688e+01
5.022797775268554688e+01
5.127645111083984375e+01
5.275990295410156250e+01
5.326798248291015625e+01
5.157350158691406250e+01
4.790515136718750000e+01
4.536726760864257812e+01
4.623103713989257812e+01
4.781795501708984375e+01
4.749427032470703125e+01
4.532625198364257812e+01
4.403163909912109375e+01
4.448695373535156250e+01
4.461187362670898438e+01
4.672474670410156250e+01
5.034389495849609375e+01
5.187405776977539062e+01
5.028249359130859375e+01
4.953550720214843750e+01
5.364410018920898438e+01
5.784656906127929688e+01
5.787451934814453125e+01
5.566882324218750000e+01
5.136952972412109375e+01
5.089533615112304688e+01
5.372713088989257812e+01
5.428541946411132812e+01
5.346614456176757812e+01
5.172866439819335938e+01
5.337573623657226562e+01
4.948579788208007812e+01
6.245146942138671875e+01
5.829139328002929688e+01
6.541798400878906250e+01
6.828679656982421875e+01
7.726999664306640625e+01
8.928027343750000000e+01
1.003680953979492188e+02
8.061042022705078125e+01
1.171679763793945312e+02
1.132032623291015625e+02
1.486462860107421875e+02
1.417834167480468750e+02
1.760125885009765625e+02
1.927928009033203125e+02
2.661946716308593750e+02
2.064609375000000000e+02
3.101839599609375000e+02
2.379362945556640625e+02
3.348404235839843750e+02
3.422428894042968750e+02
3.955697021484375000e+02
3.794397583007812500e+02
4.627034606933593750e+02
4.658517150878906250e+02
4.495797424316406250e+02
5.014658203125000000e+02
6.082362670898437500e+02
6.421864013671875000e+02
6.530133666992187500e+02
7.473911743164062500e+02
7.030771484375000000e+02
7.776197509765625000e+02
7.815834350585937500e+02
7.664079589843750000e+02
7.849608154296875000e+02
7.568818359375000000e+02
7.325961303710937500e+02
7.420086059570312500e+02
7.881359863281250000e+02
7.451879882812500000e+02
8.493306884765625000e+02
7.836528930664062500e+02
9.072644653320312500e+02
7.133054809570312500e+02
8.872019042968750000e+02
8.733803100585937500e+02
8.053540039062500000e+02
9.750312500000000000e+02
8.112362670898437500e+02
1.165163452148437500e+03
8.594135742187500000e+02
1.358906005859375000e+03
9.391293945312500000e+02
1.429587036132812500e+03
1.075229370117187500e+03
1.317508056640625000e+03
1.030890014648437500e+03
1.169728759765625000e+03
1.006666137695312500e+03
1.172635375976562500e+03
1.003400024414062500e+03
1.027095458984375000e+03
1.029917846679687500e+03
1.024340087890625000e+03
9.065773315429687500e+02
1.116345947265625000e+03
8.707669677734375000e+02
1.131592773437500000e+03
8.583668212890625000e+02
1.056733032226562500e+03
8.667917480468750000e+02
1.019191467285156250e+03
9.396447753906250000e+02
8.581444091796875000e+02
8.208105468750000000e+02
7.396586914062500000e+02
7.384489746093750000e+02
6.080908813476562500e+02
7.366300048828125000e+02
5.978161010742187500e+02
6.782380371093750000e+02
4.820617675781250000e+02
6.262977294921875000e+02
5.055495300292968750e+02
5.525831909179687500e+02
4.084548339843750000e+02
3.976780700683593750e+02
3.725102233886718750e+02
3.677185058593750000e+02
3.522633361816406250e+02
3.139590148925781250e+02
2.963417968750000000e+02
2.747962036132812500e+02
2.720455627441406250e+02
2.811007995605468750e+02
2.650366210937500000e+02
2.979808959960937500e+02
2.593913269042968750e+02
2.669875488281250000e+02
2.459590454101562500e+02
2.323300476074218750e+02
2.228776397705078125e+02
2.210468750000000000e+02
2.105300445556640625e+02
2.174484558105468750e+02
2.052643127441406250e+02
1.967857055664062500e+02
2.059035339355468750e+02
2.050467376708984375e+02
2.290917968750000000e+02
2.056239929199218750e+02
2.474853210449218750e+02
2.114090728759765625e+02
2.454472198486328125e+02
1.851461944580078125e+02
2.164647521972656250e+02
1.846335601806640625e+02
1.925843048095703125e+02
1.817050933837890625e+02
1.993231353759765625e+02
1.861940307617187500e+02
1.845533752441406250e+02
1.880656433105468750e+02
1.935806274414062500e+02
2.054126892089843750e+02
1.791717071533203125e+02
2.370874481201171875e+02
1.755538482666015625e+02
2.898642578125000000e+02
1.885031127929687500e+02
3.123372802734375000e+02
2.280513305664062500e+02
3.137712707519531250e+02
2.599983215332031250e+02
3.077594299316406250e+02
2.474310302734375000e+02
3.115165710449218750e+02
2.373774719238281250e+02
3.056868896484375000e+02
2.472665405273437500e+02
3.277456054687500000e+02
2.509356231689453125e+02
2.987920837402343750e+02
