3.101658750000000000e+05
9.110093000000000000e+06
5.446556500000000000e+06
3.394442500000000000e+06
2.187453000000000000e+06
1.465183500000000000e+06
1.013924625000000000e+06
7.189790625000000000e+05
5.217916562500000000e+05
3.875942812500000000e+05
2.931212500000000000e+05
2.284332968750000000e+05
1.816327343750000000e+05
1.481886875000000000e+05
1.237999453125000000e+05
1.053418046875000000e+05
9.171787500000000000e+04
8.095167968750000000e+04
7.258800781250000000e+04
6.577428906250000000e+04
6.015830078125000000e+04
5.534122656250000000e+04
5.159685546875000000e+04
4.835832421875000000e+04
4.556467187500000000e+04
4.314386328125000000e+04
4.099193359375000000e+04
3.906560546875000000e+04
3.731798828125000000e+04
3.572860156250000000e+04
3.429200000000000000e+04
3.296609765625000000e+04
3.167693750000000000e+04
3.047319335937500000e+04
2.934050976562500000e+04
2.825549609375000000e+04
2.725123437500000000e+04
2.629462695312500000e+04
2.535716210937500000e+04
2.448891796875000000e+04
2.364755468750000000e+04
2.285942578125000000e+04
2.208251171875000000e+04
2.134602148437500000e+04
2.064591406250000000e+04
1.996335156250000000e+04
1.928938476562500000e+04
1.863061914062500000e+04
1.798407421875000000e+04
1.733274414062500000e+04
1.672891992187500000e+04
1.607672753906250000e+04
1.478696679687500000e+04
1.393344824218750000e+04
1.337906347656250000e+04
1.287944824218750000e+04
1.239340429687500000e+04
1.191534667968750000e+04
1.155796679687500000e+04
1.110104101562500000e+04
1.062188085937500000e+04
1.021280761718750000e+04
9.840669921875000000e+03
9.488388671875000000e+03
9.066503906250000000e+03
8.799120117187500000e+03
8.553314453125000000e+03
8.322895507812500000e+03
8.109398925781250000e+03
7.896656738281250000e+03
7.684506347656250000e+03
7.478760253906250000e+03
7.276156738281250000e+03
7.079594726562500000e+03
6.889103027343750000e+03
6.706587890625000000e+03
6.530278808593750000e+03
6.361954589843750000e+03
6.200395507812500000e+03
6.044877929687500000e+03
5.892756347656250000e+03
5.747291503906250000e+03
5.608619628906250000e+03
5.474574707031250000e+03
5.345144531250000000e+03
5.216813964843750000e+03
5.092056152343750000e+03
4.971566894531250000e+03
4.855148437500000000e+03
4.742827636718750000e+03
4.632437011718750000e+03
4.524194335937500000e+03
4.418403808593750000e+03
4.314560058593750000e+03
4.212150878906250000e+03
4.109534179687500000e+03
4.010798339843750000e+03
3.915906738281250000e+03
3.821736816406250000e+03
3.729983398437500000e+03
3.641518310546875000e+03
3.555157470703125000e+03
3.472232421875000000e+03
3.391719726562500000e+03
3.314265136718750000e+03
3.239871093750000000e+03
3.166716064453125000e+03
3.095414550781250000e+03
3.024168212890625000e+03
2.955755615234375000e+03
2.889858398437500000e+03
2.826479736328125000e+03
2.764374267578125000e+03
2.702771728515625000e+03
2.644089599609375000e+03
2.587810302734375000e+03
2.532090820312500000e+03
2.478361572265625000e+03
2.426445800781250000e+03
2.376440917968750000e+03
2.326998291015625000e+03
2.277867187500000000e+03
2.230437255859375000e+03
2.184186279296875000e+03
2.138717773437500000e+03
2.094227783203125000e+03
2.050936279296875000e+03
2.008637451171875000e+03
1.966591796875000000e+03
1.925113525390625000e+03
1.885155761718750000e+03
1.846888305664062500e+03
1.809371826171875000e+03
1.772031494140625000e+03
1.735182739257812500e+03
1.698895019531250000e+03
1.662718383789062500e+03
1.626484375000000000e+03
1.590127075195312500e+03
1.554734008789062500e+03
1.519679199218750000e+03
1.485327758789062500e+03
1.450815917968750000e+03
1.416831176757812500e+03
1.383193237304687500e+03
1.350246948242187500e+03
1.318033325195312500e+03
1.286201538085937500e+03
1.255456176757812500e+03
1.225393554687500000e+03
1.196023803710937500e+03
1.166773681640625000e+03
1.138018920898437500e+03
1.109416015625000000e+03
1.080853027343750000e+03
1.052561645507812500e+03
1.024730346679687500e+03
9.976176757812500000e+02
9.675417480468750000e+02
9.402297363281250000e+02
9.141112670898437500e+02
8.878464355468750000e+02
8.627052612304687500e+02
8.378508911132812500e+02
8.133169555664062500e+02
7.896579589843750000e+02
7.667486572265625000e+02
7.434487915039062500e+02
7.205317382812500000e+02
6.979741821289062500e+02
6.770841674804687500e+02
6.570256958007812500e+02
6.379453125000000000e+02
6.195123291015625000e+02
6.016677246093750000e+02
5.848433227539062500e+02
5.687854003906250000e+02
5.526809692382812500e+02
5.361054077148437500e+02
5.194352416992187500e+02
4.997888183593750000e+02
4.822093200683593750e+02
4.660849304199218750e+02
4.510496520996093750e+02
4.365422363281250000e+02
4.230499877929687500e+02
4.101473083496093750e+02
3.982780456542968750e+02
3.869418029785156250e+02
3.762768554687500000e+02
3.662510986328125000e+02
3.565103454589843750e+02
3.472196960449218750e+02
3.383258056640625000e+02
3.300501098632812500e+02
3.223179931640625000e+02
3.146288146972656250e+02
3.075849304199218750e+02
3.007473754882812500e+02
2.940433349609375000e+02
