4.479286968708038330e-01
3.233273923397064209e-01
2.353116422891616821e-01
1.745907664299011230e-01
1.332692503929138184e-01
1.053882539272308350e-01
8.650337904691696167e-02
7.346324622631072998e-02
6.416365504264831543e-02
5.725113302469253540e-02
5.183180049061775208e-02
4.737897589802742004e-02
4.357108846306800842e-02
4.021691158413887024e-02
3.721597418189048767e-02
3.451488912105560303e-02
3.208772465586662292e-02
2.992217242717742920e-02
2.800516039133071899e-02
2.632562257349491119e-02
2.486627176403999329e-02
2.359289117157459259e-02
2.246842905879020691e-02
2.145905233919620514e-02
2.053217776119709015e-02
1.965971477329730988e-02
1.882313936948776245e-02
1.801752857863903046e-02
1.724190823733806610e-02
1.650321856141090393e-02
1.581143960356712341e-02
1.517130061984062195e-02
1.458670385181903839e-02
1.405601017177104950e-02
1.357560604810714722e-02
1.313943974673748016e-02
1.274024136364459991e-02
1.236905157566070557e-02
1.201868336647748947e-02
1.168449502438306808e-02
1.136350352317094803e-02
1.105361804366111755e-02
1.075485628098249435e-02
1.046790555119514465e-02
1.019461080431938171e-02
9.935155510902404785e-03
9.690023027360439301e-03
9.458073414862155914e-03
9.238438680768013000e-03
9.029197506606578827e-03
8.829484693706035614e-03
8.637180551886558533e-03
8.451370522379875183e-03
8.271173574030399323e-03
8.096941746771335602e-03
7.928384467959403992e-03
7.766158320009708405e-03
7.610377389937639236e-03
7.461074739694595337e-03
7.318067364394664764e-03
7.180689368396997452e-03
7.048670202493667603e-03
6.921599153429269791e-03
6.798781920224428177e-03
6.679918151348829269e-03
6.564890965819358826e-03
6.453381851315498352e-03
6.345330271869897842e-03
6.240737624466419220e-03
6.139406468719244003e-03
6.041333079338073730e-03
5.946346092969179153e-03
5.854247137904167175e-03
5.764796398580074310e-03
5.677836015820503235e-03
5.593381822109222412e-03
5.511412862688302994e-03
5.431641824543476105e-03
5.354112945497035980e-03
5.278646014630794525e-03
5.205223336815834045e-03
5.133890081197023392e-03
5.064417608082294464e-03
4.996791481971740723e-03
4.930939525365829468e-03
4.866844508796930313e-03
4.804266151040792465e-03
4.743394441902637482e-03
4.683978389948606491e-03
4.626126959919929504e-03
4.569688346236944199e-03
4.514592234045267105e-03
4.460747353732585907e-03
4.408194683492183685e-03
4.356823395937681198e-03
4.306636750698089600e-03
4.257625900208950043e-03
4.209640901535749435e-03
4.162771627306938171e-03
4.116895608603954315e-03
4.072000272572040558e-03
4.049934446811676025e-03
4.028134513646364212e-03
4.006539471447467804e-03
3.985240124166011810e-03
3.964080475270748138e-03
3.943182993680238724e-03
3.922509960830211639e-03
3.902076743543148041e-03
3.881867043673992157e-03
3.861822420731186867e-03
3.842019475996494293e-03
3.822383005172014236e-03
3.802966792136430740e-03
3.783753607422113419e-03
3.764689434319734573e-03
3.745852038264274597e-03
3.727176459506154060e-03
3.708617528900504112e-03
3.690319601446390152e-03
3.672100603580474854e-03
3.654100699350237846e-03
3.636241890490055084e-03
3.618565853685140610e-03
3.601000877097249031e-03
3.583618439733982086e-03
3.566347993910312653e-03
3.549236571416258812e-03
3.532313276082277298e-03
3.515474498271942139e-03
3.498842939734458923e-03
3.482368309050798416e-03
3.465980291366577148e-03
3.449758747592568398e-03
3.433675039559602737e-03
3.417706815525889397e-03
3.401858732104301453e-03
3.386144293472170830e-03
3.370624966919422150e-03
3.355203429237008095e-03
3.339900169521570206e-03
3.324759658426046371e-03
3.309664083644747734e-03
3.294719150289893150e-03
3.279929282143712044e-03
3.265226492658257484e-03
3.250640816986560822e-03
3.236168762668967247e-03
3.221860621124505997e-03
3.207637928426265717e-03
3.193534910678863525e-03
3.179574618116021156e-03
3.165724920108914375e-03
3.151992801576852798e-03
3.138361964374780655e-03
3.124841256067156792e-03
3.111437661573290825e-03
3.098108805716037750e-03
3.084915457293391228e-03
3.071811515837907791e-03
3.058832837268710136e-03
3.045925172045826912e-03
3.033101093024015427e-03
3.020401112735271454e-03
3.007774474099278450e-03
2.995292656123638153e-03
2.982907695695757866e-03
2.970594679936766624e-03
2.958399709314107895e-03
2.946246182546019554e-03
2.934229327365756035e-03
2.922313986346125603e-03
2.910449402406811714e-03
2.898730803281068802e-03
2.887075068429112434e-03
2.875513164326548576e-03
2.864087000489234924e-03
2.852719509974122047e-03
2.841428155079483986e-03
2.830260433256626129e-03
2.819149987772107124e-03
2.808136167004704475e-03
2.797173801809549332e-03
2.786389552056789398e-03
2.775613917037844658e-03
2.764937933534383774e-03
2.754328772425651550e-03
2.743820892646908760e-03
2.733350265771150589e-03
2.723005134612321854e-03
2.712735207751393318e-03
2.702516503632068634e-03
2.692397683858871460e-03
2.682318678125739098e-03
2.672344213351607323e-03
2.662431215867400169e-03
2.652614377439022064e-03
2.642830368131399155e-03
2.633171156048774719e-03
2.623538020998239517e-03
2.614002674818038940e-03
2.609263639897108078e-03
2.604524604976177216e-03
2.599833533167839050e-03
2.595131285488605499e-03
2.590453950688242912e-03
2.585825743153691292e-03
2.581167966127395630e-03
2.576550468802452087e-03
2.571919234469532967e-03
2.567336661741137505e-03
2.562748733907938004e-03
2.558192005380988121e-03
2.553635742515325546e-03
2.549087628722190857e-03
2.544540679082274437e-03
2.540046581998467445e-03
2.535531297326087952e-03
2.531034406274557114e-03
2.526564756408333778e-03
2.522102557122707367e-03
2.517635235562920570e-03
2.513209125027060509e-03
2.508773002773523331e-03
2.504364354535937309e-03
2.499980619177222252e-03
2.495564520359039307e-03
2.491185208782553673e-03
2.486824057996273041e-03
2.482470124959945679e-03
2.478112466633319855e-03
2.473799744620919228e-03
2.469476778060197830e-03
2.465159632265567780e-03
2.460867632180452347e-03
2.456586807966232300e-03
2.452301327139139175e-03
2.448048908263444901e-03
2.443769481033086777e-03
2.439528238028287888e-03
2.435314003378152847e-03
2.431094413623213768e-03
2.426870865747332573e-03
2.422687131911516190e-03
2.418486867100000381e-03
2.414318500086665154e-03
2.410163171589374542e-03
2.406005514785647392e-03
2.401875331997871399e-03
2.397754462435841560e-03
2.393627073615789413e-03
2.389515051618218422e-03
2.385420724749565125e-03
2.381342696025967598e-03
2.377245575189590454e-03
2.373190363869071007e-03
2.369109541177749634e-03
2.365067601203918457e-03
2.361015882343053818e-03
2.357013989239931107e-03
2.352991141378879547e-03
2.348991809412837029e-03
2.345009939745068550e-03
2.341015031561255455e-03
2.337049227207899094e-03
2.333086915314197540e-03
2.329125301912426949e-03
2.325182547792792320e-03
2.321267966181039810e-03
2.317345701158046722e-03
2.313442528247833252e-03
2.309533767402172089e-03
2.305653179064393044e-03
2.301753032952547073e-03
2.297910396009683609e-03
2.294067759066820145e-03
2.290219999849796295e-03
2.286396920680999756e-03
2.282571280375123024e-03
2.278765896335244179e-03
2.274953527376055717e-03
2.271199366077780724e-03
2.267393749207258224e-03
2.263631206005811691e-03
2.259897533804178238e-03
2.256152685731649399e-03
2.252417616546154022e-03
2.248700940981507301e-03
2.244993811473250389e-03
2.241286914795637131e-03
2.237580716609954834e-03
2.233910840004682541e-03
2.230237005278468132e-03
2.226577606052160263e-03
2.222914248704910278e-03
2.219283953309059143e-03
2.215644344687461853e-03
2.212031744420528412e-03
2.208425663411617279e-03
2.204807708039879799e-03
2.201229101046919823e-03
2.199446083977818489e-03
2.197644906118512154e-03
2.195870736613869667e-03
2.194075146690011024e-03
2.192304935306310654e-03
2.190514700487256050e-03
2.188750077039003372e-03
2.186967059969902039e-03
2.185199409723281860e-03
2.183425007387995720e-03
2.181660849601030350e-03
2.179880160838365555e-03
2.178109250962734222e-03
2.176357433199882507e-03
2.174583263695240021e-03
2.172825159505009651e-03
2.171040745452046394e-03
2.169307088479399681e-03
2.167547587305307388e-03
2.165785059332847595e-03
2.164045581594109535e-03
2.162271644920110703e-03
2.160524483770132065e-03
2.158768707886338234e-03
2.157027134671807289e-03
2.155276015400886536e-03
2.153547713533043861e-03
2.151778899133205414e-03
2.150032902136445045e-03
2.148292958736419678e-03
2.146539511159062386e-03
2.144790720194578171e-03
2.143078017979860306e-03
2.141335280612111092e-03
2.139582531526684761e-03
2.137847011908888817e-03
2.136122202500700951e-03
2.134374342858791351e-03
2.132625784724950790e-03
2.130890963599085808e-03
2.129179658368229866e-03
2.127459272742271423e-03
2.125714439898729324e-03
2.123996615409851074e-03
2.122286474332213402e-03
2.120567951351404190e-03
2.118841046467423439e-03
2.117114607244729996e-03
2.115386305376887321e-03
2.113667782396078110e-03
2.111947862431406975e-03
2.110234228894114494e-03
2.108511747792363167e-03
2.106790198013186455e-03
2.105083316564559937e-03
2.103374805301427841e-03
2.101670484989881516e-03
2.099936129525303841e-03
2.098222495988011360e-03
2.096512122079730034e-03
2.094803377985954285e-03
2.093109535053372383e-03
2.091409638524055481e-03
2.089725574478507042e-03
2.088030101731419563e-03
2.086315304040908813e-03
2.084627980366349220e-03
2.082906663417816162e-03
2.081212354823946953e-03
2.079519908875226974e-03
2.077817451208829880e-03
2.076125936582684517e-03
2.074438147246837616e-03
2.072733826935291290e-03
2.071047201752662659e-03
2.069361275061964989e-03
2.067692810669541359e-03
2.065998734906315804e-03
2.064326778054237366e-03
2.062637358903884888e-03
2.060972852632403374e-03
2.059294143691658974e-03
2.057613804936408997e-03
2.055935794487595558e-03
2.054234500974416733e-03
2.052562078461050987e-03
2.050881972536444664e-03
2.049235161393880844e-03
2.047549933195114136e-03
2.045885892584919930e-03
2.044225344434380531e-03
2.042548963800072670e-03
2.040893305093050003e-03
2.039222046732902527e-03
2.037557773292064667e-03
2.035892335698008537e-03
2.034235280007123947e-03
2.032567746937274933e-03
2.030927687883377075e-03
2.029287163168191910e-03
2.028449438512325287e-03
2.027633134275674820e-03
2.026791451498866081e-03
2.025964669883251190e-03
2.025157446041703224e-03
2.024319954216480255e-03
2.023496199399232864e-03
2.022671978920698166e-03
2.021842636168003082e-03
2.021017950028181076e-03
2.020195126533508301e-03
2.019357401877641678e-03
2.018529223278164864e-03
2.017712686210870743e-03
2.016886603087186813e-03
2.016036771237850189e-03
2.015215810388326645e-03
2.014393685385584831e-03
2.013560617342591286e-03
2.012734301388263702e-03
2.011902397498488426e-03
2.011074218899011612e-03
2.010242780670523643e-03
2.009410178288817406e-03
2.008582931011915207e-03
2.007754053920507431e-03
2.006934955716133118e-03
2.006098860874772072e-03
2.005275804549455643e-03
2.004448790103197098e-03
2.003615256398916245e-03
2.002777764573693275e-03
2.001951215788722038e-03
2.001130022108554840e-03
2.000292297452688217e-03
1.999475993216037750e-03
1.998644554987549782e-03
1.997806131839752197e-03
1.996971666812896729e-03
1.996150705963373184e-03
1.995318336412310600e-03
1.994493417441844940e-03
1.993658952414989471e-03
1.992825418710708618e-03
1.991997705772519112e-03
1.991170924156904221e-03
1.990339718759059906e-03
1.989514799788594246e-03
1.988681033253669739e-03
1.987851457670331001e-03
1.987009774893522263e-03
1.986172748729586601e-03
1.985358074307441711e-03
1.984516857191920280e-03
1.983698690310120583e-03
1.982858404517173767e-03
1.982032321393489838e-03
1.981214853003621101e-03
1.980384346097707748e-03
1.979539403691887856e-03
1.978712854906916618e-03
1.977889100089669228e-03
1.977056963369250298e-03
1.976214814931154251e-03
1.975384075194597244e-03
1.974557526409626007e-03
1.973729114979505539e-03
1.972886500880122185e-03
1.972058787941932678e-03
1.971239922568202019e-03
1.970411743968725204e-03
1.969577744603157043e-03
1.968733035027980804e-03
1.967904157936573029e-03
1.967058284208178520e-03
1.966229872778058052e-03
1.965405885130167007e-03
1.964577706530690193e-03
1.963745104148983955e-03
1.962909474968910217e-03
1.962081296369433403e-03
1.961265690624713898e-03
1.960425637662410736e-03
1.959596294909715652e-03
1.958767883479595184e-03
1.957943895831704140e-03
1.957100816071033478e-03
1.956261694431304932e-03
1.955430489033460617e-03
1.954603940248489380e-03
1.953769009560346603e-03
1.952937105670571327e-03
1.952106482349336147e-03
1.951281446963548660e-03
1.950447913259267807e-03
1.949622295796871185e-03
1.948776422068476677e-03
1.947958953678607941e-03
1.947129494510591030e-03
