1.245991375000000000e+06
3.213491840000000000e+08
2.674566080000000000e+08
2.197348640000000000e+08
1.816600640000000000e+08
1.506591520000000000e+08
1.254974640000000000e+08
1.046698400000000000e+08
8.758848000000000000e+07
7.337232800000000000e+07
6.164320400000000000e+07
5.183557200000000000e+07
4.358464400000000000e+07
3.671704800000000000e+07
3.089297200000000000e+07
2.599595600000000000e+07
2.187334200000000000e+07
1.841865600000000000e+07
1.551345700000000000e+07
1.306243600000000000e+07
1.099914900000000000e+07
9.249478000000000000e+06
7.789119500000000000e+06
6.557888500000000000e+06
5.519614500000000000e+06
4.648456000000000000e+06
3.914935250000000000e+06
3.300059000000000000e+06
2.782880500000000000e+06
2.346319000000000000e+06
1.981638500000000000e+06
1.677146875000000000e+06
1.418486250000000000e+06
1.203013250000000000e+06
1.021530875000000000e+06
8.701001875000000000e+05
7.432176250000000000e+05
6.374655000000000000e+05
5.487878750000000000e+05
4.746385000000000000e+05
4.123024687500000000e+05
3.599659062500000000e+05
3.161008125000000000e+05
2.791691875000000000e+05
2.477250781250000000e+05
2.211837500000000000e+05
1.984808593750000000e+05
1.791490468750000000e+05
1.620516250000000000e+05
1.469781250000000000e+05
1.333770937500000000e+05
1.209146796875000000e+05
1.091175859375000000e+05
9.798672656250000000e+04
8.719760937500000000e+04
7.726799218750000000e+04
6.870838281250000000e+04
6.134918359375000000e+04
5.516220703125000000e+04
4.990023437500000000e+04
4.533488671875000000e+04
4.122560937500000000e+04
3.760960937500000000e+04
3.438490625000000000e+04
3.134882031250000000e+04
2.845172851562500000e+04
2.562189257812500000e+04
2.287245507812500000e+04
2.055208789062500000e+04
1.788358398437500000e+04
1.592949804687500000e+04
2.831302500000000000e+06
2.331924750000000000e+06
1.943173750000000000e+06
1.620089125000000000e+06
1.347540375000000000e+06
1.118279750000000000e+06
9.266682500000000000e+05
7.666561250000000000e+05
6.338045000000000000e+05
5.229980000000000000e+05
4.313019687500000000e+05
3.553044062500000000e+05
2.926664687500000000e+05
2.412642968750000000e+05
1.989963906250000000e+05
1.641930937500000000e+05
1.356784375000000000e+05
1.123816953125000000e+05
9.330136718750000000e+04
7.779150781250000000e+04
6.503905078125000000e+04
5.465356640625000000e+04
4.625169921875000000e+04
3.934325000000000000e+04
3.367193359375000000e+04
2.901364062500000000e+04
2.517992578125000000e+04
2.202015039062500000e+04
1.940517578125000000e+04
1.721984179687500000e+04
1.539809863281250000e+04
1.387988085937500000e+04
1.259957226562500000e+04
1.150762207031250000e+04
1.057667187500000000e+04
9.773902343750000000e+03
9.078610351562500000e+03
8.457541015625000000e+03
7.901849609375000000e+03
7.396733398437500000e+03
6.919076171875000000e+03
6.473218750000000000e+03
6.058545898437500000e+03
5.661810058593750000e+03
5.294725585937500000e+03
4.951331054687500000e+03
4.629153320312500000e+03
4.321000488281250000e+03
4.025164062500000000e+03
3.748679443359375000e+03
3.489512939453125000e+03
3.247364746093750000e+03
3.020737304687500000e+03
2.808254882812500000e+03
2.607343017578125000e+03
2.420034423828125000e+03
2.241616699218750000e+03
2.079083740234375000e+03
1.919064086914062500e+03
1.792253051757812500e+03
1.671293701171875000e+03
1.555972290039062500e+03
1.444513916015625000e+03
1.339921142578125000e+03
1.235031250000000000e+03
1.136834594726562500e+03
1.052963989257812500e+03
9.972396850585937500e+02
9.589858398437500000e+02
9.319394531250000000e+02
9.095110473632812500e+02
8.894101562500000000e+02
8.698116455078125000e+02
8.509737548828125000e+02
8.323543701171875000e+02
8.130017700195312500e+02
7.933291625976562500e+02
7.734262695312500000e+02
7.542169189453125000e+02
7.362010498046875000e+02
7.199268188476562500e+02
7.050537719726562500e+02
6.922639770507812500e+02
6.807021484375000000e+02
6.702056274414062500e+02
6.598983154296875000e+02
6.504212036132812500e+02
6.411551513671875000e+02
6.322553710937500000e+02
6.232151489257812500e+02
6.147153320312500000e+02
6.065198364257812500e+02
5.987147216796875000e+02
5.912399902343750000e+02
5.837908935546875000e+02
5.765776367187500000e+02
5.696434326171875000e+02
5.631616821289062500e+02
5.568907470703125000e+02
5.510109252929687500e+02
5.450842285156250000e+02
5.392413940429687500e+02
5.335162353515625000e+02
5.282271118164062500e+02
5.229542846679687500e+02
5.179151000976562500e+02
5.128991699218750000e+02
5.081212463378906250e+02
5.035290222167968750e+02
4.989880371093750000e+02
4.945177917480468750e+02
4.903206787109375000e+02
4.860322265625000000e+02
4.818618164062500000e+02
4.779565734863281250e+02
4.740192871093750000e+02
4.702968139648437500e+02
4.665958557128906250e+02
4.628750915527343750e+02
4.592171325683593750e+02
4.556767272949218750e+02
4.521629638671875000e+02
4.487150878906250000e+02
4.453549804687500000e+02
4.419194335937500000e+02
4.384490356445312500e+02
4.351597290039062500e+02
4.319225769042968750e+02
4.286704406738281250e+02
