5.868999958038330078e+00
4.314384460449218750e+00
3.173802137374877930e+00
2.389624357223510742e+00
1.826162219047546387e+00
1.424464106559753418e+00
1.130284667015075684e+00
9.143064022064208984e-01
7.505569458007812500e-01
6.195836663246154785e-01
5.123863220214843750e-01
4.199784994125366211e-01
3.393814861774444580e-01
2.727605998516082764e-01
2.197292000055313110e-01
1.782189160585403442e-01
1.460617035627365112e-01
1.202276349067687988e-01
9.877996146678924561e-02
8.016087859869003296e-02
6.342155486345291138e-02
4.825253412127494812e-02
3.519180044531822205e-02
2.510834485292434692e-02
1.785531826317310333e-02
1.297153532505035400e-02
9.695786982774734497e-03
7.502067834138870239e-03
6.009748671203851700e-03
4.949078429490327835e-03
4.182974342256784439e-03
3.606171347200870514e-03
3.163019428029656410e-03
2.809210680425167084e-03
2.510494319722056389e-03
2.249347977340221405e-03
2.031947020441293716e-03
1.842546276748180389e-03
1.678895670920610428e-03
1.544692553579807281e-03
1.432205084711313248e-03
1.335317268967628479e-03
1.255929702892899513e-03
1.187175163067877293e-03
1.127687515690922737e-03
1.077769557014107704e-03
1.031999010592699051e-03
9.927768260240554810e-04
9.540414903312921524e-04
9.180490160360932350e-04
8.879167726263403893e-04
8.593972306698560715e-04
8.324243826791644096e-04
8.084137807600200176e-04
7.844939245842397213e-04
7.637870730832219124e-04
7.453388534486293793e-04
7.278178818523883820e-04
7.124802796170115471e-04
6.985580548644065857e-04
6.841614376753568649e-04
6.709051667712628841e-04
6.586863892152905464e-04
6.480106967501342297e-04
6.374942604452371597e-04
6.272778264246881008e-04
6.170938722789287567e-04
6.075729033909738064e-04
5.981938447803258896e-04
5.883570411242544651e-04
5.796566838398575783e-04
5.712977144867181778e-04
5.637266440317034721e-04
5.558952689170837402e-04
5.477333324961364269e-04
5.403831601142883301e-04
5.332818254828453064e-04
5.260038888081908226e-04
5.193957476876676083e-04
5.128895863890647888e-04
5.067003658041357994e-04
5.003532860428094864e-04
4.942716914229094982e-04
4.882694047410041094e-04
4.823091439902782440e-04
4.762159078381955624e-04
4.702440055552870035e-04
4.646829911507666111e-04
4.591362667270004749e-04
4.534395411610603333e-04
4.480193019844591618e-04
4.425520892255008221e-04
4.371209070086479187e-04
4.318727878853678703e-04
4.267074400559067726e-04
4.215064109303057194e-04
4.164760757703334093e-04
4.113291506655514240e-04
4.063658125232905149e-04
4.013712750747799873e-04
